76561197965805005
76561197967337167
76561197968321137
76561197968447230
76561197970642058
76561197971030903
76561197972883348
76561197973971268
76561197974810057
76561197975651042
76561197976285473
76561197978157537
76561197979848691
76561197981374045
76561197983597798
76561197985265065
76561197986149429
76561197988269614
76561197989019127
76561197990009959
76561197990968144
76561197991309560
76561197991794719
76561197992475772
76561197993158981
76561197993351429
76561197993647548
76561197993759887
76561197994079501
76561197995144158
76561197995398129
76561197995651189
76561197995865658
76561197996182697
76561197997428768
76561197998229363
76561197998485341
76561197999432072
76561197999570097
76561198000181462
76561198000412792
76561198000854399
76561198001181430
76561198001275205
76561198001611837
76561198001672973
76561198002297624
76561198002551390
76561198003435363
76561198003791799
76561198004483610
76561198005550704
76561198006589844
76561198006975218
76561198007049351
76561198008936582
76561198009923867
76561198010084889
76561198010269639
76561198010372895
76561198010549273
76561198010676085
76561198010708042
76561198010960597
76561198011187880
76561198012639110
76561198013307412
76561198013335783
76561198013976864
76561198014648862
76561198014882581
76561198015315751
76561198015342039
76561198015391259
76561198017380496
76561198018404012
76561198018461335
76561198018554229
76561198018984597
76561198019604635
76561198019770748
76561198019959556
76561198020706672
76561198022791076
76561198023402725
76561198023867589
76561198024304774
76561198024981755
76561198026706873
76561198027338791
76561198027619609
76561198031419538
76561198033669794
76561198034243147
76561198035269005
76561198035622399
76561198036344408
76561198036986061
76561198037157800
76561198038553308
76561198038701409
76561198038856813
76561198039349199
76561198040455921
76561198041022079
76561198041306239
76561198041368162
76561198041681266
76561198041894452
76561198042120575
76561198042256719
76561198042292641
76561198043948041
76561198044082559
76561198044167643
76561198044255126
76561198044364830
76561198045209499
76561198046405584
76561198046416563
76561198047406957
76561198050246852
76561198051885319
76561198055190260
76561198055256616
76561198057540173
76561198060140457
76561198061549866
76561198063039275
76561198064692276
76561198066956088
76561198068087644
76561198072238182
76561198072458854
76561198079024954
76561198086730054
76561198090900819
76561198115994534
76561198124355662
76561198126285291
76561198127890059
76561198128014845
76561198129969955
76561198137935196
76561198143904539
76561197960342462
76561197961328130
76561197961766877
76561197964500103
76561197965813048
76561197967545437
76561197968502024
76561197968529014
76561197968561752
76561197969125258
76561197969361063
76561197969643375
76561197970151394
76561197970355427
76561197971003545
76561197971449545
76561197971506104
76561197971680746
76561197972546041
76561197972704309
76561197972883348
76561197972964038
76561197974397202
76561197975850677
76561197976910224
76561197977179613
76561197978193630
76561197979247096
76561197979917193
76561197980097444
76561197980275330
76561197980420722
76561197981864731
76561197981903790
76561197983901701
76561197984299377
76561197984992817
76561197985445446
76561197986165918
76561197987451539
76561197988183304
76561197988432270
76561197988789568
76561197990000709
76561197990392172
76561197990914996
76561197992047098
76561197992242529
76561197992293683
76561197992843779
76561197994334445
76561197994392835
76561197994592101
76561197994890977
76561197996384895
76561197997002721
76561197997780167
76561197998015287
76561197998506090
76561197998668830
76561197999053399
76561197999265418
76561197999301820
76561197999305058
76561197999550127
76561197999727302
76561197999739482
76561197999764795
76561197999970317
76561198000029995
76561198000236400
76561198000291660
76561198001134119
76561198001587307
76561198002328334
76561198002365711
76561198004290595
76561198004573925
76561198005045860
76561198005198427
76561198007017032
76561198009832585
76561198012256546
76561198013619770
76561198013940252
76561198017484100
76561198019407155
76561198020334522
76561198021138485
76561198022554197
76561198023824457
76561198024249893
76561198032602790
76561198037660065
76561198040490993
76561197960290653
76561197960572783
76561197960880256
76561197960908667
76561197960941503
76561197961520196
76561197961597161
76561197961946489
76561197961965582
76561197963099847
76561197963233048
76561197963243382
76561197963515465
76561197964076114
76561197964092283
76561197964153991
76561197964240131
76561197964852599
76561197965800181
76561197967117481
76561197967148879
76561197967636876
76561197967776605
76561197967803141
76561197968011379
76561197969216154
76561197969365366
76561197970257341
76561197970941806
76561197971082466
76561197972245689
76561197972271895
76561197972336284
76561197972343897
76561197972794537
76561197973398701
76561197975313916
76561197976023074
76561197976665231
76561197978114113
76561197979960903
76561197980656155
76561197981731501
76561197982640392
76561197982848126
76561197982992998
76561197983609452
76561197985682312
76561197986204283
76561197987236441
76561197987339934
76561197987438931
76561197988488427
76561197988562176
76561197988775633
76561197989242808
76561197989504887
76561197990021966
76561197990308371
76561197990381619
76561197991202931
76561197991503054
76561197991685901
76561197992086646
76561197992420328
76561197992865575
76561197992938366
76561197992980863
76561197993131152
76561197993140858
76561197993251268
76561197993376935
76561197993494199
76561197993837321
76561197993924414
76561197994036096
76561197994071579
76561197995250952
76561197995287054
76561197995447496
76561197995646014
76561197995863342
76561197996586530
76561197996807054
76561197998143008
76561197998240830
76561197998650537
76561197999020677
76561197999494760
76561197999517637
76561197999544668
76561198000040286
76561198000609993
76561198000744356
76561198001294511
76561198001602759
76561198001683842
76561198002659175
76561198003543609
76561198003775434
76561198003960937
76561198004052163
76561198004428824
76561198004498743
76561198005226814
76561198006356776
76561198006404786
76561198006890063
76561198007162196
76561198008586641
76561198008856237
76561198009345838
76561198010139841
76561198010331515
76561198010536119
76561198010734405
76561198011480214
76561198011643065
76561198012123161
76561198012611388
76561198012702380
76561198013898542
76561198014342564
76561198014644030
76561198014945528
76561198015657718
76561198016827973
76561198017039517
76561198017103106
76561198018967920
76561198018986867
76561198019205444
76561198020084919
76561198020111067
76561198021120010
76561198021138485
76561198025655156
76561198026484604
76561198026814505
76561198027397741
76561198027443258
76561198028361021
76561198028448614
76561198028545503
76561198029146301
76561198030997228
76561198031570344
76561198031599842
76561198032374837
76561198032791705
76561198033286341
76561198034029101
76561198034908047
76561198035062167
76561198035142133
76561198035970779
76561198036152966
76561198036930727
76561198037555870
76561198037569850
76561198038558735
76561198040897924
76561198041011640
76561198041339886
76561198041494528
76561198043690083
76561198043721778
76561198044970461
76561198045139149
76561198045160609
76561198045281868
76561198046209670
76561198047430222
76561198047876105
76561198048916242
76561198049402943
76561198049619553
76561198054679481
76561198054695710
76561198054699487
76561198054742021
76561198054747439
76561198054768294
76561198055407299
76561198055435715
76561198056618899
76561198057219485
76561198057378477
76561198057835991
76561198058113197
76561198058126381
76561198064073170
76561198066724945
76561198021138485
76561197960310188
76561197960603608
76561197960719438
76561197960808415
76561197961038461
76561197961263283
76561197961609104
76561197961877926
76561197962336237
76561197962540437
76561197964869384
76561197964898988
76561197965104837
76561197967049661
76561197967448235
76561197967883669
76561197968142359
76561197969193074
76561197970846893
76561197972253984
76561197972662865
76561197972828089
76561197975166446
76561197977982863
76561197978256732
76561197979380318
76561197980490252
76561197982116544
76561197982493442
76561197982939643
76561197985663486
76561197987438325
76561197987469623
76561197988575894
76561197988740398
76561197988892065
76561197990481013
76561197991414338
76561197992028554
76561197992286667
76561197992758924
76561197993174147
76561197993553076
76561197993696029
76561197993991004
76561197994535505
76561197994815310
76561197994910171
76561197995085298
76561197995560700
76561197995614192
76561197996332494
76561197996694542
76561197997792963
76561198001073521
76561198002483362
76561198004430177
76561198005453279
76561198005535980
76561198005662980
76561198006446251
76561198009458264
76561198010387138
76561198016375556
76561198016811755
76561198017297238
76561198021138485
76561198024042625
76561198024655564
76561198024977874
76561198026681845
76561198035476894
76561198049651796
76561198051233410
76561198058122310
76561198076363265
76561198093458604
76561197960271605
76561197960686613
76561197961348760
76561197961363280
76561197961380045
76561197962961339
76561197963995534
76561197964022452
76561197964505276
76561197964871569
76561197966638345
76561197966837091
76561197967177891
76561197967237628
76561197967350413
76561197968965748
76561197970226829
76561197971616886
76561197971691194
76561197971915781
76561197974817395
76561197975535057
76561197976053887
76561197976524938
76561197977196915
76561197978481117
76561197978887369
76561197979121763
76561197980388788
76561197981062026
76561197982855517
76561197983099999
76561197984289499
76561197984782216
76561197984828496
76561197985078180
76561197986766453
76561197987275639
76561197987317160
76561197987462143
76561197988191757
76561197988356180
76561197989837585
76561197990968144
76561197991710013
76561197991815197
76561197992672152
76561197992805111
76561197993153191
76561197993516862
76561197993544446
76561197993865353
76561197993900595
76561197994867599
76561197995243169
76561197995355205
76561197995504559
76561197995700755
76561197996184611
76561197996574523
76561197997011249
76561197997445080
76561197998313042
76561197998394233
76561197998609739
76561197998837410
76561197999217763
76561197999927642
76561198000551238
76561198000669250
76561198001113253
76561198001997521
76561198002143765
76561198002229482
76561198002297624
76561198002598235
76561198006442260
76561198007130984
76561198007996301
76561198008902149
76561198008964307
76561198009122460
76561198009749083
76561198010019140
76561198010764501
76561198011553042
76561198011673420
76561198012861464
76561198012961243
76561198013461927
76561198014981751
76561198015032508
76561198015079075
76561198015896262
76561198017064501
76561198018493511
76561198020680331
76561198021138485
76561198022361585
76561198022561176
76561198023025738
76561198024440512
76561198025310930
76561198025397682
76561198025581733
76561198025716492
76561198026249656
76561198026646655
76561198026945548
76561198027535144
76561198027647702
76561198027738588
76561198027949956
76561198029942334
76561198030427054
76561198030573865
76561198032389066
76561198032568791
76561198036695121
76561198036997204
76561198037018704
76561198040684698
76561198040927024
76561198041238967
76561198042113451
76561198042334233
76561198044255126
76561198044464325
76561198044513970
76561198045362065
76561198046144564
76561198046493175
76561198047575260
76561198047625121
76561198050677053
76561198052175768
76561198052990955
76561198058952882
76561198059868303
76561198061281692
76561198061981267
76561198062122023
76561198085843382
76561197960273069
76561197960292011
76561197960405535
76561197960409487
76561197960425699
76561197960480968
76561197960646991
76561197961063055
76561197961165412
76561197961634199
76561197962051069
76561197962329004
76561197962696699
76561197962929467
76561197963688020
76561197964839550
76561197964857719
76561197965007553
76561197965421507
76561197965867942
76561197966365804
76561197966510539
76561197968818804
76561197969129581
76561197969300999
76561197969359424
76561197969367964
76561197969464722
76561197969466811
76561197969534552
76561197969957609
76561197970038520
76561197970243551
76561197970297881
76561197970410526
76561197970540395
76561197970853952
76561197971149891
76561197971270701
76561197972055141
76561197972662865
76561197972970497
76561197973023455
76561197974954134
76561197975166446
76561197975476898
76561197976148445
76561197978288807
76561197978991562
76561197984379973
76561197985339989
76561197986565226
76561197986821700
76561197986911264
76561197987003115
76561197988575894
76561197990472114
76561197990608121
76561197990648765
76561197990932478
76561197991112643
76561197991132979
76561197992535249
76561197992573638
76561197992835216
76561197993423299
76561197993696029
76561197995246090
76561197997574940
76561197997801691
76561198001114922
76561198001962856
76561198003025083
76561198003741869
76561198005535980
76561198007279230
76561198015506347
76561198021138485
76561198022128932
76561198023035030
76561198023830201
76561198024571847
76561198033347396
76561198033977228
76561198039071910
76561198071097265
76561198077176218
76561198087085769
76561198136595754
76561198021138485
76561197960371115
76561197960374712
76561197960418590
76561197960901215
76561197961171238
76561197962083672
76561197962712749
76561197964760655
76561197965520974
76561197965626249
76561197967164586
76561197967649140
76561197967772191
76561197968970861
76561197970392246
76561197970723126
76561197970980353
76561197971272336
76561197972020455
76561197972286483
76561197974568559
76561197974780472
76561197975814683
76561197976403602
76561197976610382
76561197976863839
76561197978752953
76561197979916541
76561197980201925
76561197980462876
76561197981220590
76561197981319296
76561197981419964
76561197981459826
76561197982152045
76561197982388576
76561197982928815
76561197984036278
76561197984308200
76561197984626866
76561197985610925
76561197986812533
76561197986850596
76561197986884095
76561197987002717
76561197987263853
76561197987283431
76561197987707994
76561197989237790
76561197989582405
76561197989811664
76561197990050801
76561197991090257
76561197991136899
76561197991162198
76561197991204280
76561197991236602
76561197991504173
76561197991714595
76561197992051525
76561197992072356
76561197993103973
76561197993463270
76561197993890046
76561197993953591
76561197994112272
76561197994153627
76561197994441184
76561197995055631
76561197996769399
76561197997335947
76561197998629673
76561197998779916
76561197999412921
76561197999432343
76561197999805140
76561198000264406
76561198000629594
76561198000727624
76561198001224536
76561198001646652
76561198002096778
76561198002356609
76561198002435453
76561198002484004
76561198003422694
76561198004422291
76561198004888624
76561198005169074
76561198005468771
76561198005600865
76561198005849271
76561198006353584
76561198007623913
76561198007763793
76561198009651525
76561198009767438
76561198009934126
76561198010058729
76561198010330398
76561198010422847
76561198011030764
76561198011879307
76561198011948098
76561198012511360
76561198012572914
76561198012653832
76561198012909065
76561198013054891
76561198013394358
76561198013508805
76561198013689316
76561198013764851
76561198014590169
76561198014609912
76561198014610366
76561198014787925
76561198014818267
76561198015341647
76561198017318003
76561198017600366
76561198018143050
76561198018416203
76561198018937792
76561198019724317
76561198021128124
76561198021138485
76561198021734399
76561198021879701
76561198022150098
76561198022300456
76561198023144833
76561198023368441
76561198023370581
76561198024177618
76561198025490670
76561198025702256
76561198026738199
76561198027792663
76561198028976533
76561198029054243
76561198029080410
76561198029336104
76561198029954821
76561198031067065
76561198031070379
76561198031146256
76561198031381278
76561198032069722
76561198032218112
76561198033901164
76561198034898415
76561198035099881
76561198035376270
76561198035450264
76561198035596546
76561198036029984
76561198036132071
76561198036456735
76561198036572002
76561198036732471
76561198036739796
76561198037183668
76561198037448452
76561198037532423
76561198037620019
76561198037653285
76561198037712964
76561198038339787
76561198038575909
76561198038649718
76561198039160069
76561198039815165
76561198039948997
76561198041037554
76561198041263751
76561198041502292
76561198041620710
76561198041980692
76561198042150675
76561198042195967
76561198042235235
76561198042336189
76561198042524584
76561198042793590
76561198043185491
76561198043533027
76561198044048460
76561198044103525
76561198044123750
76561198044203602
76561198044262827
76561198044342268
76561198044502920
76561198044574973
76561198044772439
76561198045893296
76561198046013795
76561198046333791
76561198046365030
76561198046648955
76561198046666424
76561198047622219
76561198047680341
76561198047695479
76561198048423894
76561198048756236
76561198048993539
76561198049029198
76561198049553386
76561198049829657
76561198050139502
76561198051371234
76561198052381858
76561198053597427
76561198054862575
76561198054893821
76561198055093547
76561198055514088
76561198055560114
76561198055596887
76561198057193115
76561198057438625
76561198057651191
76561198058117892
76561198058259417
76561198058271166
76561198058602810
76561198059624384
76561198059761547
76561198060273559
76561198060532251
76561198061297180
76561198061498435
76561198063144823
76561198063417233
76561198063968921
76561198064384469
76561198065521248
76561198066399833
76561198067238159
76561198067638850
76561198067739267
76561198067749313
76561198069632268
76561198071698080
76561198074390710
76561198075203416
76561198077894052
76561198079863284
76561198080227146
76561198081586883
76561198085215160
76561198087509276
76561198090207336
76561198095817645
76561198095891980
76561198096119297
76561198096685146
76561198096698471
76561198096709987
76561198105698186
76561198107070911
76561198118524626
76561198121405282
76561198137546052
76561197962163274
76561197964182575
76561197964355632
76561197964893403
76561197966691327
76561197967906224
76561197968692240
76561197968937277
76561197976524938
76561197977130431
76561197982135700
76561197989509442
76561197991504308
76561197993399133
76561197993516862
76561197993695768
76561197994150837
76561197994918452
76561197995749159
76561197996574523
76561197996884650
76561197998149500
76561197999689129
76561197999781012
76561198000674928
76561198001151093
76561198003231859
76561198003993177
76561198004007310
76561198005249712
76561198007130984
76561198009923867
76561198012364090
76561198014370649
76561198019086374
76561198019096184
76561198019401473
76561198019650976
76561198020315191
76561198020413187
76561198021138485
76561198022082021
76561198022173592
76561198024188409
76561198024890686
76561198025437912
76561198026597035
76561198026920054
76561198027713642
76561198028062969
76561198029857785
76561198029934692
76561198029987875
76561198032744755
76561198034340372
76561198034500346
76561198035591551
76561198042807297
76561198043290435
76561198043466113
76561198044110529
76561198044681093
76561198045213890
76561198046141958
76561198046585627
76561198046670284
76561198046988174
76561198047006824
76561198047187963
76561198047206110
76561198047880910
76561198051902881
76561198054264855
76561198054431140
76561198054603019
76561198058234776
76561198060466252
76561198061680458
76561198062003478
76561198072033803
76561198073106310
76561198075066099
76561198075521154
76561198075709764
76561198081272723
76561198087186661
76561198090881437
76561198122076778
76561197963868220
76561197965687929
76561197966264399
76561197967065418
76561197967523890
76561197967765315
76561197969023290
76561197969741313
76561197970501364
76561197970622204
76561197970675905
76561197970797207
76561197971437346
76561197971993032
76561197972079596
76561197972103095
76561197972173558
76561197972615584
76561197972900694
76561197972988550
76561197975517068
76561197977277428
76561197977992971
76561197979115246
76561197979595451
76561197981180301
76561197981888811
76561197982972936
76561197983932371
76561197984731710
76561197985387114
76561197987289572
76561197987528265
76561197988291316
76561197991244635
76561197993262430
76561197993272253
76561197993341663
76561197993379331
76561197994133145
76561197994407869
76561197994487549
76561197994504232
76561197994644461
76561197995133903
76561197995212052
76561197995249106
76561197995256850
76561197995356333
76561197995705810
76561197996182697
76561197997152752
76561197997172437
76561197997823465
76561197998434021
76561197999587457
76561197999710912
76561198000320339
76561198002753783
76561198006020328
76561198008223719
76561198012764995
76561198021138485
76561198026188212
76561198029568203
76561198046548157
76561198047768718
76561198080914987
76561198083826932
76561198095763671
76561198099090588
76561197960299923
76561197960385528
76561197960768262
76561197963080207
76561197968273496
76561197970409159
76561197971684583
76561197977594260
76561197980445253
76561197984223677
76561197989719609
76561197990263334
76561197991068997
76561197991679144
76561197994144070
76561197994175537
76561197997359267
76561197997556671
76561198009119992
76561198012009654
76561198021138485
76561198024594832
76561198029037929
76561198042114369
76561198044704553
76561198045460014
76561198046051572
76561198050275062
76561198052387128
76561198061101394
76561198061137569
76561198068099160
76561198079730157
76561198107108301
76561197960391597
76561197960406505
76561197961004348
76561197961416226
76561197961795401
76561197961804196
76561197961835727
76561197961858494
76561197961965586
76561197962118233
76561197962669110
76561197963187768
76561197963280555
76561197963571164
76561197963726153
76561197964087644
76561197964779318
76561197965358528
76561197965729177
76561197965952643
76561197966982940
76561197967756756
76561197968567597
76561197969170811
76561197969422959
76561197969784105
76561197970027415
76561197970356103
76561197970527127
76561197970630582
76561197972108836
76561197972322359
76561197972417450
76561197972864541
76561197972883348
76561197974692639
76561197974791063
76561197974936492
76561197975832412
76561197978005616
76561197978378672
76561197978473020
76561197979437416
76561197979928164
76561197980064730
76561197980196423
76561197980499553
76561197985774272
76561197987041405
76561197990312224
76561197990381498
76561197990573088
76561197990573502
76561197990650629
76561197991093810
76561197991816626
76561197991829662
76561197991909612
76561197991991670
76561197992259775
76561197992905840
76561197993234607
76561197993351429
76561197995526065
76561197996691648
76561197996763473
76561197997507308
76561197997569227
76561197998117127
76561197998829287
76561197999288063
76561197999751607
76561197999997517
76561198000484932
76561198000912307
76561198002047917
76561198002276121
76561198002460632
76561198004909975
76561198005694493
76561198005778047
76561198005780049
76561198005789345
76561198006384911
76561198006735582
76561198006940195
76561198008379981
76561198010588662
76561198010833253
76561198011262797
76561198011827993
76561198012736759
76561198013197235
76561198013506443
76561198013596992
76561198013693577
76561198017333818
76561198018402894
76561198018461335
76561198019782842
76561198020779652
76561198021138485
76561198022641858
76561198023350114
76561198024015804
76561198024458897
76561198024737753
76561198025137039
76561198025579439
76561198027031696
76561198027557349
76561198027613910
76561198028007519
76561198028056410
76561198028113883
76561198029252342
76561198031091126
76561198031663217
76561198032910884
76561198033186714
76561198033591567
76561198035308520
76561198036068062
76561198036763190
76561198038622495
76561198039984810
76561198040402134
76561198040972537
76561198041001220
76561198041437413
76561198042248415
76561198043767897
76561198043811621
76561198043975997
76561198045266237
76561198045344766
76561198046398747
76561198046612568
76561198046980593
76561198047028171
76561198047030856
76561198047061672
76561198047105251
76561198047106402
76561198047121320
76561198047181120
76561198047181762
76561198048095789
76561198048796633
76561198048890827
76561198049554397
76561198049555522
76561198049729124
76561198050360328
76561198050421772
76561198051698847
76561198052208338
76561198052777625
76561198052841884
76561198053117014
76561198053136599
76561198053288317
76561198053304055
76561198053701467
76561198055179464
76561198055992056
76561198058277116
76561198058540011
76561198059216524
76561198059750398
76561198060615285
76561198060700435
76561198061037119
76561198061797469
76561198061868506
76561198062065003
76561198062957706
76561198064294588
76561198064458684
76561198065412841
76561198065523261
76561198066226990
76561198068465691
76561198068907182
76561198070750754
76561198070983282
76561198072898276
76561198075256234
76561198076512083
76561198076791589
76561198077112314
76561198077699744
76561198078666762
76561198080375546
76561198081496586
76561198086483105
76561198091026516
76561198091446140
76561198091844288
76561198094101088
76561198109379182
76561198109624083
76561198117663083
76561198121679756
76561198121932650
76561198126042417
76561197960358823
76561197961156336
76561197963212200
76561197963352521
76561197963826742
76561197963835958
76561197963906738
76561197964548292
76561197966037249
76561197966675107
76561197967565541
76561197970283463
76561197970467095
76561197970528947
76561197970619691
76561197970622516
76561197970669971
76561197970769369
76561197970800416
76561197970826759
76561197970891779
76561197972065234
76561197972791642
76561197974101057
76561197974990436
76561197975196759
76561197975378734
76561197975745116
76561197976598527
76561197976723651
76561197977206217
76561197977217449
76561197977788394
76561197978064356
76561197978573744
76561197979540016
76561197979594767
76561197979771577
76561197979950371
76561197980908273
76561197980908904
76561197981232478
76561197981274145
76561197982442276
76561197982626741
76561197982863772
76561197983374679
76561197983459098
76561197983784149
76561197983917608
76561197983990724
76561197984485608
76561197984686203
76561197985120729
76561197985266562
76561197985827700
76561197986352318
76561197986700236
76561197986995461
76561197987577759
76561197987581221
76561197987634273
76561197988361487
76561197988889237
76561197989097949
76561197989395848
76561197989687258
76561197989758275
76561197989981688
76561197990071091
76561197990247462
76561197990593300
76561197990667027
76561197990696009
76561197991096807
76561197991139622
76561197991479738
76561197991648713
76561197991714926
76561197992084901
76561197992156259
76561197992381258
76561197992765067
76561197993029766
76561197993244012
76561197993475909
76561197993481815
76561197993728559
76561197993752462
76561197994399987
76561197994433044
76561197994704078
76561197995038442
76561197995113292
76561197995172297
76561197995277438
76561197995318501
76561197995446954
76561197995751334
76561197996050003
76561197996245305
76561197996335070
76561197996358495
76561197996739965
76561197996763475
76561197997357991
76561197997873265
76561197997910403
76561197998173885
76561197998301064
76561197998406552
76561197998527369
76561197998697798
76561197999149381
76561197999347465
76561197999363165
76561197999481017
76561197999757758
76561197999845098
76561197999885178
76561198000103550
76561198000120129
76561198000216997
76561198000672496
76561198000716919
76561198000915437
76561198001672973
76561198002047437
76561198002140762
76561198002521403
76561198002567312
76561198002632021
76561198002637517
76561198003430670
76561198003886973
76561198003929270
76561198004353385
76561198004389960
76561198004630011
76561198004690317
76561198005231180
76561198005296765
76561198005396253
76561198005735364
76561198005958910
76561198005984658
76561198006059887
76561198006397240
76561198006506733
76561198006526253
76561198006590189
76561198006932396
76561198007812311
76561198008289021
76561198008936476
76561198009201180
76561198009395692
76561198010611864
76561198010730041
76561198010918253
76561198011095347
76561198011213865
76561198011731009
76561198011935309
76561198012032843
76561198012032947
76561198012101749
76561198012149619
76561198012622586
76561198012640087
76561198012649770
76561198012753747
76561198012881640
76561198013369785
76561198013407823
76561198013425954
76561198013585037
76561198013614823
76561198013952402
76561198014016451
76561198014380739
76561198014467947
76561198015110431
76561198015327091
76561198015873944
76561198016144251
76561198016509948
76561198017738651
76561198017829991
76561198018183908
76561198018605852
76561198018774385
76561198019690502
76561198020086923
76561198020694700
76561198021138485
76561198021291283
76561198021848962
76561198022418051
76561198022698370
76561198023623642
76561198023688982
76561198023879102
76561198024316035
76561198024358438
76561198024483661
76561198024520027
76561198025007372
76561198025090008
76561198025220265
76561198025407362
76561198025518259
76561198025827100
76561198026188419
76561198026367303
76561198026523271
76561198026801734
76561198027132093
76561198027154455
76561198027342252
76561198027443881
76561198027555105
76561198028457536
76561198028459150
76561198028711057
76561198029897843
76561198029902657
76561198030233506
76561198030407720
76561198030524539
76561198030613297
76561198032666204
76561198032865506
76561198033050334
76561198033345468
76561198033441418
76561198034603808
76561198034737004
76561198035187177
76561198035228208
76561198035630249
76561198035661701
76561198035970908
76561198036149554
76561198036390616
76561198036988728
76561198037096368
76561198037124073
76561198037154172
76561198038290092
76561198038553912
76561198039623763
76561198039727616
76561198040337071
76561198040849720
76561198040935641
76561198040954428
76561198041141792
76561198041302898
76561198041484543
76561198041912031
76561198042135400
76561198042182392
76561198042206419
76561198042663186
76561198043502104
76561198043868618
76561198043906955
76561198044341234
76561198044365386
76561198044392821
76561198044399931
76561198045201374
76561198045400856
76561198045992418
76561198046577417
76561198046949233
76561198047689071
76561198047799809
76561198047954844
76561198048044143
76561198048861043
76561198049011487
76561198049829542
76561198049903621
76561198050214807
76561198050293506
76561198051818400
76561198051869638
76561198052786562
76561198053159521
76561198054066303
76561198054073264
76561198054453843
76561198054461976
76561198054522868
76561198055746592
76561198056257220
76561198056317683
76561198056697722
76561198056906611
76561198056927818
76561198057069198
76561198057502095
76561198057880396
76561198058245527
76561198059479213
76561198059666684
76561198060095008
76561198060512726
76561198060655862
76561198060749304
76561198062057209
76561198062137007
76561198063365000
76561198063490277
76561198063863009
76561198064705036
76561198065364436
76561198065376715
76561198065740377
76561198066031630
76561198066170176
76561198068824239
76561198068841322
76561198068981867
76561198069056259
76561198069304019
76561198069536975
76561198069610111
76561198070218850
76561198070502315
76561198071503983
76561198072022337
76561198072026595
76561198072103220
76561198072125995
76561198072171129
76561198072180702
76561198072239780
76561198072514150
76561198073124095
76561198073318581
76561198073563732
76561198076015821
76561198076895579
76561198078202309
76561198078661733
76561198078894530
76561198079163411
76561198080628818
76561198082556224
76561198083689232
76561198087197942
76561198087562440
76561198087938984
76561198090534915
76561198098192782
76561198100347693
76561198100657084
76561198100771313
76561198105479713
76561198106919531
76561198118933094
76561198119310864
76561198129686058
76561198133579297
76561197960285074
76561197960670087
76561197961546952
76561197963260222
76561197963614070
76561197963674822
76561197963725211
76561197963840247
76561197964094017
76561197964269540
76561197964283142
76561197964513128
76561197964775829
76561197965603226
76561197966247211
76561197966340006
76561197966365246
76561197966508967
76561197966532075
76561197966868104
76561197967027353
76561197967362217
76561197967559209
76561197967610232
76561197968351148
76561197968524499
76561197969340828
76561197969805389
76561197970306217
76561197970485682
76561197970516370
76561197970533977
76561197971115943
76561197971395045
76561197971515937
76561197972374722
76561197972380097
76561197972406520
76561197972727872
76561197973294332
76561197973368932
76561197977835065
76561197978005594
76561197978014121
76561197978087501
76561197979132618
76561197979989373
76561197980137539
76561197981105209
76561197982493442
76561197982855539
76561197984977521
76561197985909251
76561197986750738
76561197986934564
76561197987435822
76561197987449107
76561197987490505
76561197988651471
76561197989298601
76561197989391947
76561197990137185
76561197990140764
76561197990493244
76561197990903538
76561197991216518
76561197991451450
76561197992583681
76561197992674412
76561197992745090
76561197993096219
76561197993264558
76561197993276119
76561197993402422
76561197993695214
76561197993860358
76561197993949070
76561197994270715
76561197994270927
76561197994283574
76561197994354883
76561197994994481
76561197995103767
76561197995599842
76561197995608299
76561197995886784
76561197996182697
76561197996989349
76561197997075709
76561197997087462
76561197997354095
76561197997384045
76561197997645815
76561197997784529
76561197997906571
76561197998370469
76561197998412276
76561197998891224
76561197999228625
76561197999652830
76561197999728464
76561198000300487
76561198000511986
76561198000688011
76561198000856851
76561198001006934
76561198001716143
76561198001866431
76561198001889165
76561198001892752
76561198003768139
76561198004240056
76561198004483604
76561198005191881
76561198005334413
76561198005502834
76561198005765655
76561198006395451
76561198008215991
76561198008376748
76561198008813963
76561198010731393
76561198011649181
76561198011656711
76561198012008836
76561198012567144
76561198013583708
76561198013596954
76561198017224677
76561198020777768
76561198021138485
76561198025313588
76561198033000770
76561198034350561
76561198034960406
76561198041115891
76561198044523630
76561198047472296
76561198052720414
76561198054898552
76561198062359215
76561198066791064
76561198073572132
76561198088276137
76561198096554863
76561198098760265
76561197961445911
76561197968176433
76561197968475095
76561197984172654
76561197988858526
76561197988976144
76561197991374953
76561197993663937
76561198000095354
76561198000795469
76561198000903392
76561198008608807
76561198010599553
76561198019263174
76561198021138485
76561198021691101
76561198025685994
76561198028132887
76561198030630477
76561198032513602
76561198032625317
76561198034066163
76561198034927086
76561198035429525
76561198035635125
76561198038138027
76561198039389965
76561198042871526
76561198045118743
76561198045981734
76561198045993109
76561198046358218
76561198047528921
76561198050793879
76561198051219235
76561198051890596
76561198056930411
76561198057413056
76561198058596753
76561198059930552
76561198061139727
76561198061556609
76561198069623564
76561198079680789
76561198079748394
76561198079944776
76561198092515577
76561198093881532
76561198095760282
76561198097836439
76561198104769893
76561198137063948
76561197960277916
76561197960382453
76561197960440788
76561197960469181
76561197960677828
76561197960788996
76561197960807753
76561197961217945
76561197961571737
76561197961644429
76561197962973410
76561197964081274
76561197965057406
76561197965224165
76561197965667360
76561197966465605
76561197966543192
76561197967254872
76561197967465436
76561197967529438
76561197967700566
76561197968235929
76561197968467396
76561197970064618
76561197970686587
76561197970713650
76561197970730906
76561197970738894
76561197970770439
76561197970982479
76561197971140702
76561197971227782
76561197971543557
76561197972249112
76561197972450147
76561197972648787
76561197973441633
76561197973456042
76561197973515789
76561197973925376
76561197974127759
76561197974596579
76561197974632275
76561197974722781
76561197974740814
76561197975671170
76561197976009388
76561197976131651
76561197976148615
76561197977192308
76561197977320639
76561197977332985
76561197978116445
76561197978163528
76561197979490378
76561197979919223
76561197980304746
76561197980411169
76561197981050501
76561197982329696
76561197982747129
76561197983477166
76561197984009520
76561197984831539
76561197985209734
76561197985791644
76561197985986953
76561197985988012
76561197987342242
76561197988534445
76561197988751182
76561197989133200
76561197989664940
76561197990045640
76561197990148408
76561197990545681
76561197990680447
76561197990978091
76561197991578145
76561197991789553
76561197991892856
76561197992387162
76561197992690585
76561197992933588
76561197993092426
76561197993434274
76561197993535679
76561197993730234
76561197993760925
76561197994158141
76561197994206788
76561197994243403
76561197994302741
76561197994408388
76561197994426280
76561197994493153
76561197994507795
76561197994570789
76561197994687574
76561197994695274
76561197994814278
76561197994834281
76561197994971017
76561197995133945
76561197996008736
76561197996233289
76561197996992627
76561197997798294
76561197997953247
76561197997976691
76561197998179369
76561197998189696
76561197998235135
76561197998248886
76561197999077173
76561197999637702
76561197999996427
76561198000109171
76561198000126170
76561198000179548
76561198000432596
76561198000437490
76561198000495166
76561198000814326
76561198001183737
76561198001320206
76561198001414052
76561198001574672
76561198002868502
76561198002923400
76561198003219285
76561198003481755
76561198003485046
76561198003528524
76561198003971880
76561198004129805
76561198004425928
76561198004628525
76561198004635884
76561198005825994
76561198006572847
76561198006604693
76561198007674299
76561198008061852
76561198008098572
76561198008691677
76561198008808249
76561198009317573
76561198009368546
76561198009392373
76561198010049402
76561198010147684
76561198010204757
76561198010401948
76561198010732988
76561198011181424
76561198011461232
76561198011516321
76561198011555543
76561198011955041
76561198011990657
76561198012013229
76561198012279276
76561198012664458
76561198012874295
76561198013386398
76561198013732563
76561198013753965
76561198013982159
76561198014069250
76561198014092566
76561198014725064
76561198014817547
76561198015003755
76561198015035912
76561198015214846
76561198015326493
76561198015401620
76561198015512306
76561198015617612
76561198016072593
76561198016114878
76561198016355649
76561198016883639
76561198017157569
76561198017334732
76561198018196921
76561198018361223
76561198018753321
76561198018946504
76561198019871603
76561198020672484
76561198021006112
76561198021138485
76561198021349388
76561198021710113
76561198022382855
76561198023520403
76561198023982599
76561198024351045
76561198024953215
76561198024962665
76561198025241296
76561198025330790
76561198025531315
76561198025547326
76561198025560168
76561198026076720
76561198026308616
76561198026465527
76561198027021557
76561198027060453
76561198027378787
76561198027754703
76561198027767629
76561198027923584
76561198028250367
76561198028483522
76561198028656944
76561198029340678
76561198029705341
76561198030216949
76561198030287565
76561198030544567
76561198030858800
76561198030894331
76561198031869663
76561198032111191
76561198032229447
76561198033321622
76561198033466604
76561198034347588
76561198034353337
76561198035712828
76561198035823742
76561198036062357
76561198036460233
76561198037026765
76561198037758187
76561198037924488
76561198038516482
76561198038911744
76561198039509452
76561198040102129
76561198040299344
76561198040601138
76561198040720158
76561198041411461
76561198041539417
76561198041694302
76561198041781272
76561198042215281
76561198042264069
76561198042900596
76561198043385180
76561198043785453
76561198043908106
76561198044044044
76561198044451646
76561198044921247
76561198045150528
76561198045392467
76561198045430610
76561198045518833
76561198045742868
76561198045751017
76561198045898388
76561198045929109
76561198046255730
76561198047271854
76561198047430681
76561198047504102
76561198048132092
76561198049652085
76561198049874716
76561198049998491
76561198050480238
76561198050789840
76561198051619207
76561198051677612
76561198052666837
76561198052766460
76561198052802428
76561198053271813
76561198053483985
76561198054079144
76561198054386037
76561198056320792
76561198056708308
76561198056983600
76561198057392463
76561198057667755
76561198057708526
76561198057770012
76561198057892358
76561198058800456
76561198060063416
76561198060175474
76561198060439185
76561198061448688
76561198061595340
76561198061824777
76561198061853166
76561198063427668
76561198063755737
76561198063856118
76561198065096669
76561198065193842
76561198065614613
76561198065813585
76561198065836624
76561198066017540
76561198066083922
76561198066148047
76561198066391552
76561198066427061
76561198066728023
76561198067061380
76561198067395661
76561198067543049
76561198067740058
76561198068439673
76561198068728608
76561198069904758
76561198070037884
76561198070436357
76561198070504685
76561198071555358
76561198072147007
76561198073198959
76561198074685341
76561198076287945
76561198076331478
76561198078406197
76561198081118637
76561198081369248
76561198082620961
76561198083578650
76561198083789692
76561198084860513
76561198085108840
76561198085288949
76561198088749455
76561198090420438
76561198092309810
76561198092564468
76561198092638118
76561198095060151
76561198095234911
76561198097356279
76561198097470484
76561198099338084
76561198100728983
76561198105430566
76561198110087481
76561198113930988
76561198115785623
76561198119419830
76561198120889363
76561198121521314
76561198122761084
76561198136367259
76561198136612422
76561197967667698
76561197973263894
76561197977468554
76561197980443947
76561197981955946
76561197982270313
76561197982714186
76561197985298076
76561197987071486
76561197987872936
76561197989640085
76561197992125998
76561197993497947
76561197993563587
76561197994408078
76561197995167020
76561197995280446
76561197996027572
76561197996651641
76561197998073611
76561198001525674
76561198001653170
76561198001977853
76561198002919188
76561198005777175
76561198006220811
76561198008197289
76561198008301132
76561198009114075
76561198010206155
76561198010715870
76561198011669755
76561198013833009
76561198017607444
76561198019167702
76561198021138485
76561198021883253
76561198024060091
76561198025581733
76561198027584698
76561198028012753
76561198030497316
76561198031296161
76561198031564332
76561198032092401
76561198035104027
76561198040222896
76561198041959397
76561198042009216
76561198042062188
76561198042617614
76561198065748964
76561198066771720
76561198068470554
76561198081107953
76561198092114454
76561198096884764
76561198103342989
76561198105197852
76561198113814711
76561198133744231
76561198137855828
76561197960274521
76561197960276894
76561197960286784
76561197960307429
76561197960317684
76561197960377747
76561197960394793
76561197960406612
76561197960417142
76561197960422805
76561197960453871
76561197960519934
76561197960560510
76561197960680658
76561197960794303
76561197960871881
76561197960872280
76561197960937796
76561197960948808
76561197961196639
76561197961225830
76561197961302949
76561197961321187
76561197961738132
76561197961858759
76561197961870317
76561197962178017
76561197962473014
76561197962858577
76561197963193600
76561197963194774
76561197963349445
76561197963375803
76561197963611136
76561197963726153
76561197964082981
76561197964367078
76561197965273417
76561197965525154
76561197965626130
76561197965906598
76561197966705149
76561197967473106
76561197967663000
76561197968103581
76561197968105596
76561197968158139
76561197968365218
76561197968370687
76561197968403639
76561197968988675
76561197969133385
76561197970152133
76561197970214191
76561197970332791
76561197970951668
76561197971046348
76561197971280693
76561197971285557
76561197972470996
76561197972839221
76561197974129452
76561197974493152
76561197975466166
76561197975944572
76561197976019276
76561197976102850
76561197976526546
76561197976993954
76561197977261036
76561197977699164
76561197977785443
76561197978022008
76561197978183936
76561197978342380
76561197978389439
76561197978499033
76561197978592229
76561197979435127
76561197979780746
76561197979810625
76561197979837942
76561197980081220
76561197980225302
76561197981698232
76561197982656766
76561197983195065
76561197984153393
76561197984188843
76561197984459441
76561197984545766
76561197984810830
76561197985078844
76561197985706391
76561197985855298
76561197986200509
76561197987505425
76561197987590543
76561197988022174
76561197988267400
76561197988278937
76561197988892035
76561197989039798
76561197989139221
76561197990752262
76561197991112914
76561197991342305
76561197991352393
76561197991698509
76561197992409479
76561197992499738
76561197992556585
76561197992683599
76561197992712100
76561197992739438
76561197992812556
76561197992816592
76561197992980225
76561197993036786
76561197993152442
76561197993308420
76561197993335964
76561197993402392
76561197993457578
76561197993511238
76561197993606746
76561197993653066
76561197993717232
76561197993756424
76561197993865237
76561197994009588
76561197994017847
76561197994094213
76561197994285050
76561197994359533
76561197994364738
76561197994418884
76561197994441452
76561197994452220
76561197994565256
76561197994786195
76561197994840794
76561197995244528
76561197995287926
76561197995555573
76561197995627093
76561197995687197
76561197995809460
76561197996005198
76561197996157858
76561197997374662
76561197997448998
76561197997645461
76561197997750248
76561197997818615
76561197998018187
76561197998157147
76561197998198379
76561197998339904
76561197998456904
76561197998718461
76561197998853899
76561197998960731
76561197999303616
76561197999390603
76561198000001239
76561198000064264
76561198000120139
76561198000153925
76561198000155951
76561198000215657
76561198000344422
76561198000418437
76561198000627801
76561198000670414
76561198000692791
76561198000902545
76561198000902935
76561198000985616
76561198001197492
76561198001504169
76561198002436327
76561198004038710
76561198004146183
76561198004421377
76561198004829950
76561198005774994
76561198006938024
76561198007935655
76561198008608025
76561198008713383
76561198009350636
76561198010493299
76561198011096295
76561198011247880
76561198011550583
76561198012515453
76561198014827480
76561198015617867
76561198016636344
76561198017109730
76561198019992108
76561198020662852
76561198021138485
76561198023053768
76561198025152310
76561198025325308
76561198025875963
76561198029304853
76561198032130110
76561198033247707
76561198034031083
76561198034271020
76561198035054823
76561198040955276
76561198043135570
76561198044623391
76561198045631548
76561198047017049
76561198053044936
76561198053918195
76561198055517986
76561198055692518
76561198055906407
76561198058815008
76561198074847605
76561198077581055
76561198078700072
76561198082913169
76561197960539410
76561197962832094
76561197965291179
76561197965575066
76561197966575426
76561197968170674
76561197970569914
76561197970994248
76561197971649039
76561197972070735
76561197972421260
76561197972559946
76561197975872749
76561197978134173
76561197978762808
76561197979869389
76561197981318663
76561197982264266
76561197985976166
76561197986239283
76561197986538036
76561197987630712
76561197988378663
76561197989227408
76561197990036320
76561197990404040
76561197990787059
76561197991480060
76561197991679898
76561197991962831
76561197992537453
76561197993075304
76561197993341988
76561197993360680
76561197993862567
76561197993868630
76561197995171814
76561197995266225
76561197995367544
76561197995448741
76561197995504968
76561197995904731
76561197995984841
76561197996229893
76561197996424717
76561197997263153
76561197997330280
76561197997580919
76561197998077937
76561197998322740
76561197998412030
76561197998555388
76561197998737736
76561197998830025
76561197998953927
76561197999097436
76561197999197158
76561197999256896
76561197999438452
76561197999458699
76561197999631824
76561197999653772
76561197999981261
76561198000107556
76561198000198205
76561198000198337
76561198000759216
76561198001229760
76561198001551858
76561198001736466
76561198001976095
76561198002686527
76561198003163515
76561198003181734
76561198003694845
76561198004030540
76561198004092776
76561198004105829
76561198004415704
76561198004583329
76561198004620989
76561198005024636
76561198006015159
76561198006519036
76561198007077702
76561198007524181
76561198007743272
76561198008931100
76561198009142325
76561198009314021
76561198009349249
76561198009747300
76561198009836459
76561198009847158
76561198010171483
76561198010276995
76561198010967303
76561198011135211
76561198011509041
76561198011864050
76561198011917950
76561198012954450
76561198013970455
76561198014068090
76561198017175035
76561198018339329
76561198018880586
76561198019240168
76561198019268254
76561198019905710
76561198020248080
76561198021138485
76561198021648572
76561198021693130
76561198022000011
76561198023086936
76561198025376687
76561198025460968
76561198025967539
76561198026177540
76561198027999846
76561198028725589
76561198028931322
76561198029260874
76561198030370742
76561198031251833
76561198031391621
76561198031429704
76561198031786174
76561198032675254
76561198034160798
76561198034785959
76561198035169922
76561198035909811
76561198036635096
76561198037113280
76561198037232324
76561198037511940
76561198038098230
76561198038382413
76561198039064166
76561198039843506
76561198040096835
76561198041102272
76561198041146122
76561198041434972
76561198041759365
76561198042163069
76561198042834248
76561198042968808
76561198042996187
76561198043068955
76561198043112906
76561198043332337
76561198043814549
76561198044171387
76561198044402607
76561198044500257
76561198044673460
76561198045231233
76561198045609059
76561198045782334
76561198045973057
76561198046271942
76561198046601445
76561198047563837
76561198047950170
76561198048041103
76561198048773344
76561198049854196
76561198051455453
76561198053756121
76561198054129789
76561198054262344
76561198054416807
76561198054423648
76561198054827418
76561198055046289
76561198055623250
76561198056325099
76561198056906174
76561198056975276
76561198057130234
76561198057688837
76561198058447920
76561198060427526
76561198061022260
76561198061535460
76561198064416761
76561198065605163
76561198065698775
76561198067449406
76561198068055688
76561198068061584
76561198070594315
76561198070957653
76561198071211789
76561198071356509
76561198071417593
76561198072022609
76561198072098169
76561198072137395
76561198072391952
76561198074188590
76561198076040041
76561198081704483
76561198083599352
76561198088153632
76561198097515833
76561198098576795
76561198109602255
76561198114137141
76561198117471880
76561198118146616
76561198119457760
76561198121826135
76561198123792398
76561197961858989
76561197962488593
76561197962628364
76561197964214993
76561197965399340
76561197965998361
76561197967439746
76561197967891756
76561197968519920
76561197969396247
76561197971204173
76561197971384027
76561197971823923
76561197971984933
76561197972160157
76561197972481083
76561197972516728
76561197974569851
76561197975299770
76561197975472047
76561197975564454
76561197975699013
76561197977521239
76561197978243465
76561197980425684
76561197981105222
76561197981176534
76561197982925904
76561197983792155
76561197983987577
76561197984128714
76561197984243290
76561197984329879
76561197984476370
76561197984820423
76561197985785608
76561197986091903
76561197986509445
76561197986867643
76561197987157993
76561197987279928
76561197988136974
76561197988617694
76561197989647799
76561197989654712
76561197989730616
76561197989976669
76561197989981688
76561197990000730
76561197990202469
76561197991157860
76561197991309560
76561197991794719
76561197992086646
76561197992672152
76561197993000578
76561197993359730
76561197993544446
76561197993618284
76561197993750979
76561197993981082
76561197994183048
76561197994991638
76561197995132651
76561197996041965
76561197996279943
76561197996297810
76561197996424717
76561197996599994
76561197997108977
76561197997456071
76561197997690287
76561197998065347
76561197998076486
76561197998177933
76561197998220659
76561197998313042
76561197998320952
76561197998348817
76561197998365562
76561197998485341
76561197998490816
76561197998651908
76561197998665860
76561197998705779
76561197998838771
76561197998852722
76561197998874941
76561197998884823
76561197999146327
76561197999347512
76561197999582322
76561197999597951
76561197999666271
76561197999796881
76561198000020384
76561198000217789
76561198000439744
76561198000446009
76561198000570238
76561198000807721
76561198000871038
76561198000921158
76561198001099311
76561198001224096
76561198001243486
76561198001366660
76561198001394036
76561198001608479
76561198001672973
76561198002172087
76561198002193528
76561198002212555
76561198002350332
76561198002523261
76561198002783030
76561198003083765
76561198003610551
76561198004130400
76561198004179300
76561198004265694
76561198004363084
76561198004659606
76561198004727019
76561198004878017
76561198004987562
76561198005023874
76561198005249712
76561198005260624
76561198005690007
76561198005903494
76561198006291987
76561198006534069
76561198006590189
76561198006889331
76561198007104861
76561198007105082
76561198007405067
76561198007944037
76561198008934490
76561198009023852
76561198009188558
76561198009198502
76561198009349249
76561198009389258
76561198009516446
76561198009542181
76561198009543428
76561198009598041
76561198009769937
76561198010058520
76561198010188541
76561198010191796
76561198010303819
76561198010456729
76561198010708042
76561198010902024
76561198011568953
76561198011583283
76561198011941428
76561198012364090
76561198012377501
76561198012837091
76561198012927059
76561198013325401
76561198013370444
76561198013489588
76561198013628848
76561198013777663
76561198014604671
76561198015637663
76561198016593811
76561198016621705
76561198017216091
76561198017654944
76561198018309077
76561198018355323
76561198018555893
76561198018890330
76561198018919271
76561198019055573
76561198019541849
76561198020579190
76561198020615858
76561198021102653
76561198021138485
76561198021273387
76561198021916901
76561198022039116
76561198022277490
76561198022634257
76561198022806102
76561198023025738
76561198023084025
76561198023226601
76561198023809156
76561198023959576
76561198024213583
76561198024974929
76561198025510311
76561198025513809
76561198025771042
76561198025909307
76561198026493238
76561198026499377
76561198026570846
76561198026847865
76561198027137560
76561198027178346
76561198027302879
76561198027331769
76561198027333534
76561198027581151
76561198027734596
76561198028083344
76561198028123621
76561198028308496
76561198028366833
76561198029218965
76561198030117424
76561198030167345
76561198030334058
76561198030793495
76561198031708819
76561198031771398
76561198032310103
76561198032605488
76561198032630317
76561198032903650
76561198032910884
76561198034522119
76561198035599676
76561198035780190
76561198035785804
76561198036034060
76561198036240154
76561198036327755
76561198037178525
76561198037701701
76561198038020646
76561198039158862
76561198039502076
76561198039621333
76561198040048374
76561198040514615
76561198040952626
76561198041607299
76561198041772240
76561198041901114
76561198042863339
76561198043195436
76561198043748907
76561198043939280
76561198044039536
76561198044177083
76561198044381465
76561198044411321
76561198044580304
76561198044681495
76561198044689778
76561198045041209
76561198045050364
76561198045467852
76561198045888020
76561198046018012
76561198046434556
76561198047816698
76561198048298218
76561198049876383
76561198050311946
76561198050496011
76561198050666778
76561198050764887
76561198050918303
76561198051407762
76561198053496543
76561198053952999
76561198053966469
76561198054595762
76561198056473505
76561198056835285
76561198057482938
76561198057626834
76561198058330299
76561198058346923
76561198059527797
76561198060132992
76561198060241905
76561198060728465
76561198062246183
76561198063290365
76561198063601837
76561198064342134
76561198066038525
76561198067910800
76561198068015503
76561198068162902
76561198068343240
76561198068568616
76561198070918366
76561198072386375
76561198072514970
76561198073867179
76561198075524827
76561198075555912
76561198076234671
76561198076357843
76561198080723011
76561198081944217
76561198082270290
76561198086667395
76561198087186661
76561198087922175
76561198089826454
76561198115876773
76561198131272736
76561198135388519
76561198138551228
76561197961790860
76561197962875831
76561197964113955
76561197969446882
76561197970497982
76561197973488602
76561197974566127
76561197975381289
76561197976025956
76561197977006473
76561197977319438
76561197978697774
76561197978848611
76561197979728341
76561197981773966
76561197982070649
76561197982134438
76561197982281754
76561197982855351
76561197987942179
76561197988336331
76561197990023614
76561197990573415
76561197991828425
76561197991957078
76561197992385540
76561197992463243
76561197992807376
76561197993341593
76561197993432730
76561197994047933
76561197995209755
76561197995354449
76561197997817438
76561197998430715
76561197998719354
76561197999153171
76561197999570556
76561197999893651
76561198000941352
76561198003954203
76561198004153077
76561198004534414
76561198004588221
76561198005010969
76561198005137722
76561198005619201
76561198005783825
76561198006405974
76561198006520529
76561198006869646
76561198007036194
76561198007106279
76561198007821881
76561198010461519
76561198015452167
76561198015664326
76561198021138485
76561198071297154
76561198081097117
76561197960513055
76561197960685233
76561197960941153
76561197960947744
76561197961144849
76561197961356959
76561197961694404
76561197962027597
76561197962163274
76561197963054528
76561197965479730
76561197966829725
76561197967357640
76561197967607335
76561197967730039
76561197967901643
76561197968447230
76561197968456759
76561197968708240
76561197969181477
76561197969502400
76561197970169213
76561197970523179
76561197971283179
76561197971553999
76561197971728298
76561197971969565
76561197972071125
76561197972486436
76561197972883348
76561197974817395
76561197974958158
76561197975108637
76561197975112294
76561197975213527
76561197975257213
76561197975508167
76561197975556807
76561197976368481
76561197976524938
76561197977260562
76561197977607745
76561197978140378
76561197978801580
76561197979002178
76561197979028574
76561197979426292
76561197979480807
76561197979960153
76561197980017956
76561197980057530
76561197980499553
76561197980938009
76561197981081956
76561197981485594
76561197981815125
76561197981939534
76561197982305950
76561197983591260
76561197983606096
76561197983860697
76561197983995302
76561197984632305
76561197984649573
76561197984981151
76561197985232957
76561197985785608
76561197985851778
76561197986034291
76561197986091903
76561197986895803
76561197986968996
76561197987045458
76561197987929176
76561197988448080
76561197988500581
76561197989074565
76561197989107593
76561197989219433
76561197989509442
76561197989736796
76561197990296179
76561197991412851
76561197991613570
76561197991691013
76561197991786063
76561197991794719
76561197992146126
76561197992218676
76561197992998512
76561197993048993
76561197993452173
76561197993462596
76561197993516862
76561197993544446
76561197993590798
76561197993753022
76561197993943339
76561197993992762
76561197994242783
76561197994311912
76561197994570171
76561197994768801
76561197994991638
76561197995135796
76561197995698144
76561197996346028
76561197996351019
76561197996483157
76561197996500509
76561197996565268
76561197996696122
76561197996884650
76561197996966427
76561197997252702
76561197998060907
76561197998114315
76561197998313042
76561197998661665
76561197998670017
76561197998951759
76561197998981543
76561197999115131
76561197999300294
76561197999899455
76561198000068960
76561198000137791
76561198000229965
76561198000244210
76561198000482840
76561198000524873
76561198000719607
76561198000778598
76561198000831688
76561198000962941
76561198001154084
76561198001176403
76561198001222194
76561198002229482
76561198002571702
76561198002625832
76561198002653406
76561198002783030
76561198003107876
76561198003362112
76561198003474402
76561198003476000
76561198003479365
76561198003572424
76561198004380053
76561198004466766
76561198005249712
76561198005274818
76561198005574075
76561198005652893
76561198005942952
76561198006388329
76561198006442260
76561198006680272
76561198006893779
76561198006945695
76561198006965950
76561198007582505
76561198008992519
76561198009209286
76561198009297016
76561198009841276
76561198009923867
76561198010017773
76561198010142347
76561198010143142
76561198010164033
76561198010287518
76561198010341346
76561198010572289
76561198010774615
76561198011494782
76561198011530769
76561198012155686
76561198012358584
76561198012533209
76561198012766467
76561198013645745
76561198013695654
76561198013833915
76561198013898542
76561198014034283
76561198014089072
76561198014250335
76561198014370840
76561198014920176
76561198015315751
76561198015321771
76561198015825699
76561198015988910
76561198016217654
76561198016593811
76561198016637668
76561198017839580
76561198018404534
76561198018563133
76561198018659692
76561198019650976
76561198020680331
76561198020689909
76561198020773193
76561198020812895
76561198020843661
76561198020910202
76561198021138485
76561198021268252
76561198021712879
76561198022362795
76561198022493484
76561198022605173
76561198023025738
76561198023674487
76561198023955827
76561198024890686
76561198025022308
76561198025101182
76561198025176280
76561198025278112
76561198025342248
76561198025506314
76561198025867510
76561198026382843
76561198026725246
76561198027338791
76561198027612064
76561198027738588
76561198028055863
76561198028519110
76561198028968938
76561198029965005
76561198030422444
76561198030427054
76561198031666311
76561198031943946
76561198032389066
76561198034249692
76561198034386940
76561198035505780
76561198036122105
76561198036498854
76561198036982708
76561198036997204
76561198037124144
76561198037776628
76561198038458895
76561198038833652
76561198038901338
76561198039084557
76561198039502076
76561198039566833
76561198039841444
76561198040359207
76561198040449464
76561198041060358
76561198041212349
76561198041701566
76561198042120575
76561198042398383
76561198042606141
76561198042816251
76561198043778029
76561198043819159
76561198044241335
76561198045055721
76561198045213890
76561198045797718
76561198046514998
76561198047194260
76561198047616351
76561198047802047
76561198048298218
76561198050161584
76561198050223813
76561198050558438
76561198051311930
76561198051811125
76561198051864442
76561198052543867
76561198052560664
76561198052592094
76561198052721385
76561198055897414
76561198056491350
76561198056719809
76561198061374527
76561198061680458
76561198062221457
76561198062538175
76561198062859354
76561198064136016
76561198066280377
76561198067093804
76561198067344376
76561198068553284
76561198069134103
76561198069267383
76561198069580441
76561198077902582
76561198088291932
76561197994752243
76561197996672839
76561197999504295
76561198021138485
76561198036831364
76561198040177514
76561198040480327
76561198040565699
76561198054550663
76561198055827127
76561198135880772
76561197961287474
76561197963117396
76561197979836738
76561197980695990
76561197980923910
76561197981277595
76561197983495282
76561197986333140
76561197988546068
76561197988793765
76561197992707581
76561197993272243
76561197993490102
76561197994329565
76561198001130177
76561198002565606
76561198012460895
76561198016307728
76561198018189634
76561198020437640
76561198021138485
76561198025060869
76561198026202046
76561198039502008
76561198060303617
76561198061291039
76561198065540655
76561198098194239
76561197960280109
76561197960447853
76561197960520187
76561197960545005
76561197960879372
76561197960881108
76561197962163274
76561197962532639
76561197963069957
76561197963709555
76561197965717788
76561197966557651
76561197967689012
76561197968899111
76561197969172940
76561197969396247
76561197970096950
76561197970225794
76561197970501245
76561197970554927
76561197970682947
76561197970965589
76561197971039528
76561197971059240
76561197971450394
76561197971560294
76561197972113279
76561197973183199
76561197973232372
76561197974465310
76561197974817395
76561197976898146
76561197977079890
76561197977113226
76561197978596545
76561197979160671
76561197979173477
76561197979958413
76561197980013978
76561197980688786
76561197981154455
76561197982158382
76561197982572424
76561197982883388
76561197983872778
76561197984138952
76561197984466888
76561197985785608
76561197985791333
76561197986621696
76561197987236640
76561197988085739
76561197988356095
76561197988562176
76561197989266934
76561197989640085
76561197989663942
76561197990183779
76561197990755054
76561197991309560
76561197991422396
76561197991786063
76561197991831302
76561197991978940
76561197992020319
76561197992371003
76561197992466711
76561197992700039
76561197992805111
76561197992929456
76561197993008215
76561197993138592
76561197993351429
76561197993516862
76561197993900595
76561197993997962
76561197994075105
76561197994313550
76561197994375931
76561197994436127
76561197994477836
76561197994867599
76561197994902813
76561197995670894
76561197996871218
76561197998273099
76561197998609739
76561197999019958
76561197999153431
76561197999269175
76561197999338725
76561197999845662
76561198000121291
76561198000238395
76561198000786209
76561198001113253
76561198001368434
76561198002272483
76561198002297624
76561198003011576
76561198004190961
76561198004322657
76561198004413412
76561198005157339
76561198005180483
76561198006263479
76561198006349534
76561198007079830
76561198008342281
76561198008574573
76561198008678496
76561198008860516
76561198008917711
76561198009099334
76561198009376930
76561198010692540
76561198011047159
76561198011107363
76561198011245947
76561198012008094
76561198012083582
76561198012421407
76561198012689143
76561198013431299
76561198013544350
76561198013596992
76561198013892249
76561198014353654
76561198014674970
76561198014720854
76561198015315751
76561198017964833
76561198018721712
76561198018921357
76561198019086374
76561198019229735
76561198020007301
76561198021138485
76561198021310315
76561198022353992
76561198022934689
76561198023021965
76561198024589597
76561198024940757
76561198025178442
76561198025326195
76561198025828960
76561198026638879
76561198026967927
76561198027496174
76561198029942334
76561198032672902
76561198034352340
76561198036081188
76561198037462381
76561198037517267
76561198037520018
76561198037696190
76561198038553308
76561198038710086
76561198038847882
76561198038944809
76561198039830541
76561198040896158
76561198040934007
76561198044222620
76561198044512382
76561198044652851
76561198044822214
76561198045212396
76561198046012031
76561198047769165
76561198050235549
76561198050672511
76561198053120667
76561198058091905
76561198070700869
76561198143459249
76561198021138485
76561197960704799
76561197962705421
76561197962854212
76561197962960668
76561197963078478
76561197965730195
76561197966280654
76561197968839630
76561197970686293
76561197970743434
76561197970776675
76561197971126731
76561197974121761
76561197975018957
76561197978749644
76561197979840267
76561197984893629
76561197987022981
76561197987196538
76561197988606852
76561197988787303
76561197990394037
76561197993452173
76561197993919450
76561197994012994
76561197994225645
76561197994512831
76561197994698915
76561197996078215
76561197998026126
76561197998225635
76561197998309043
76561197998641894
76561197998677859
76561198000073693
76561198001768120
76561198002609026
76561198003235267
76561198004697996
76561198006500357
76561198006609428
76561198011379295
76561198012585241
76561198014136890
76561198015222878
76561198015426365
76561198017039517
76561198018664771
76561198018903880
76561198019983687
76561198021138485
76561198024790915
76561198025068661
76561198026954521
76561198027862825
76561198028409577
76561198028430016
76561198033531678
76561198035020101
76561198036282633
76561198036536933
76561198036860209
76561198042531400
76561198043246437
76561198043851438
76561198044165644
76561198054800523
76561198055508937
76561198060790528
76561198061944242
76561198068076976
76561198085536601
76561198104201382
76561197960325798
76561197960547427
76561197960787899
76561197960966494
76561197961082452
76561197962085495
76561197962298357
76561197962662875
76561197962746801
76561197963470608
76561197965067552
76561197965156442
76561197966041197
76561197967595549
76561197967651570
76561197967968575
76561197968023860
76561197968152584
76561197968444642
76561197968953877
76561197969262927
76561197969423495
76561197969430679
76561197969839663
76561197970876348
76561197970905032
76561197971293871
76561197972324831
76561197972987150
76561197973017334
76561197973102856
76561197974846702
76561197975056579
76561197975195538
76561197975331788
76561197975505129
76561197977576812
76561197979965844
76561197979966652
76561197981827450
76561197983646270
76561197984105270
76561197984163052
76561197984676983
76561197986650851
76561197986713625
76561197987154927
76561197988264612
76561197990074259
76561197990318178
76561197990466609
76561197991039786
76561197991667796
76561197992111003
76561197992894882
76561197992925972
76561197993065224
76561197993945936
76561197994800250
76561197995202375
76561197995957735
76561197995971202
76561197995982161
76561197996162389
76561197996611634
76561197996667120
76561197996840764
76561197997006010
76561197997006108
76561197997820709
76561197998391654
76561197998392778
76561197998495586
76561197998784581
76561197999071362
76561197999710279
76561197999965476
76561198000041485
76561198000566598
76561198001276043
76561198001649442
76561198003068561
76561198003931578
76561198004540057
76561198005341664
76561198006361526
76561198006835190
76561198007274969
76561198008620606
76561198008779593
76561198009899767
76561198010279793
76561198010314894
76561198012243577
76561198012328187
76561198013982440
76561198015066309
76561198018721153
76561198021138485
76561198027247693
76561198036115743
76561198036526282
76561198044135488
76561198044180187
76561198050641255
76561198067761634
76561198069032954
76561198070700530
76561198078762870
76561198083672271
76561198128105879
76561197960682930
76561197960686240
76561197960937426
76561197961431646
76561197961608699
76561197961697774
76561197962122111
76561197963509405
76561197963610718
76561197963962893
76561197964049023
76561197964599269
76561197965835379
76561197966165356
76561197966865148
76561197967081182
76561197968379613
76561197968888991
76561197969175045
76561197970629418
76561197971046340
76561197971845694
76561197972421260
76561197972895445
76561197972948584
76561197972957300
76561197973521264
76561197973833382
76561197974936475
76561197976583645
76561197976685439
76561197984638010
76561197985036652
76561197985826877
76561197986640879
76561197987239484
76561197987971862
76561197988267358
76561197989064769
76561197989378107
76561197989501454
76561197991794719
76561197992661238
76561197992740654
76561197993756648
76561197994027457
76561197994430407
76561197996346028
76561197998297293
76561197998367114
76561197998411969
76561197999034880
76561197999192143
76561198000750300
76561198002397951
76561198002816405
76561198003476000
76561198003546217
76561198004143067
76561198004432116
76561198004542134
76561198004669270
76561198005753885
76561198006062358
76561198007099259
76561198007145340
76561198007315029
76561198007704910
76561198008635687
76561198009058026
76561198009201859
76561198009312341
76561198009835321
76561198010319296
76561198010797788
76561198011819977
76561198012334926
76561198012359199
76561198012631114
76561198014398256
76561198015193587
76561198016408340
76561198018145813
76561198018727346
76561198019809079
76561198020321906
76561198020393506
76561198021138485
76561198021391784
76561198021800668
76561198022007973
76561198022207804
76561198022564311
76561198024305847
76561198025011611
76561198025304267
76561198025840050
76561198026143822
76561198026263624
76561198026323981
76561198027086818
76561198027889652
76561198027969711
76561198029172066
76561198029253022
76561198029291440
76561198029586825
76561198030123297
76561198030625151
76561198032318601
76561198032389276
76561198032739898
76561198033601144
76561198034642179
76561198034739884
76561198034837432
76561198035378982
76561198035802606
76561198036043345
76561198036107835
76561198036271360
76561198036997204
76561198038208734
76561198038868457
76561198039082615
76561198039352337
76561198041059490
76561198041193496
76561198041237385
76561198041449597
76561198041601161
76561198042207121
76561198042248415
76561198042444882
76561198042626974
76561198042745600
76561198042857270
76561198043444056
76561198043489294
76561198043875871
76561198043910603
76561198043946329
76561198043968170
76561198044107577
76561198044220888
76561198045170199
76561198045213890
76561198045220138
76561198045439089
76561198045703526
76561198045875033
76561198045927452
76561198046041866
76561198046175482
76561198046491721
76561198046504556
76561198046739471
76561198047616537
76561198047736499
76561198047850027
76561198047862186
76561198048058321
76561198048444668
76561198048555781
76561198049610110
76561198050300874
76561198050509560
76561198051130683
76561198051174125
76561198051444864
76561198051683467
76561198051983579
76561198052264564
76561198052334814
76561198053057346
76561198053108327
76561198053478795
76561198053915487
76561198054354804
76561198054532737
76561198054609949
76561198054687092
76561198054998395
76561198055405095
76561198055409781
76561198056454583
76561198056719809
76561198057485432
76561198057864760
76561198058147309
76561198059182316
76561198059195714
76561198059204737
76561198059383485
76561198059525618
76561198060018550
76561198060018602
76561198060232880
76561198060998666
76561198062158427
76561198062397700
76561198063000122
76561198063136061
76561198064143309
76561198064845571
76561198064873161
76561198065102525
76561198065504173
76561198065839765
76561198066527423
76561198067172095
76561198067672889
76561198068180167
76561198068582792
76561198068665726
76561198069519594
76561198069783856
76561198072073977
76561198073814411
76561198074123310
76561198074368394
76561198074384172
76561198074941117
76561198076076377
76561198077156038
76561198077513483
76561198078788227
76561198080778625
76561198081287038
76561198081369248
76561198081746596
76561198082025359
76561198082820228
76561198085118964
76561198085517750
76561198087574404
76561198087824832
76561198089031889
76561198089382974
76561198089991420
76561198091289160
76561198093368225
76561198093950253
76561198095641957
76561198096586378
76561198098179232
76561198099800170
76561198101486808
76561198101805947
76561198108921414
76561198110010597
76561198112370434
76561198118234041
76561198132814654
76561198132939991
76561198135792281
76561197960270455
76561197960307429
76561197960310188
76561197960314108
76561197960319959
76561197960324499
76561197960380387
76561197960382153
76561197960442359
76561197960522270
76561197960530728
76561197960532281
76561197960554154
76561197960557912
76561197960566731
76561197960823034
76561197961159149
76561197961454143
76561197961590454
76561197961602833
76561197961635510
76561197961669499
76561197961670681
76561197961739287
76561197962002151
76561197962235079
76561197962855745
76561197963460813
76561197963859598
76561197965006198
76561197965034612
76561197965174564
76561197965525154
76561197966635567
76561197966768366
76561197967017290
76561197967139356
76561197967532393
76561197968193851
76561197968203379
76561197968398620
76561197968406569
76561197968432203
76561197968467442
76561197968588122
76561197968713479
76561197968734943
76561197969042186
76561197969043199
76561197970515309
76561197970742577
76561197970810488
76561197971173288
76561197971223650
76561197971969898
76561197972075465
76561197972253177
76561197972323138
76561197972357591
76561197973552019
76561197973830420
76561197974570403
76561197974929514
76561197976565059
76561197976763103
76561197977868506
76561197977902859
76561197977926295
76561197978015341
76561197978033125
76561197978113227
76561197978165404
76561197979282226
76561197979310553
76561197979346421
76561197979354514
76561197979632296
76561197979817072
76561197980002812
76561197980971276
76561197981356230
76561197983622863
76561197984350860
76561197984394465
76561197985269520
76561197985685272
76561197988130241
76561197989040210
76561197989108748
76561197990095459
76561197990241768
76561197990286890
76561197990518749
76561197990616485
76561197991872025
76561197992020397
76561197992033939
76561197992570274
76561197992640032
76561197992741710
76561197992808757
76561197992861786
76561197992887326
76561197992890795
76561197992905978
76561197992947566
76561197992947582
76561197993171771
76561197993178243
76561197993240193
76561197993262766
76561197993549054
76561197993700106
76561197993701037
76561197993750340
76561197993921930
76561197994053657
76561197994526563
76561197994638650
76561197994686672
76561197995257786
76561197995311435
76561197995525921
76561197997487185
76561197997622127
76561197997903868
76561197997938010
76561197998830928
76561198000598970
76561198000627465
76561198001941559
76561198002272483
76561198002972221
76561198003172665
76561198004539600
76561198005409634
76561198005625928
76561198009427196
76561198009550909
76561198009985660
76561198010855980
76561198012008094
76561198012108350
76561198018457110
76561198021138485
76561198024840696
76561198096870127
76561197984050169
76561197987438556
76561197992941469
76561197994524381
76561197995244527
76561197996717233
76561197997110112
76561197998345034
76561198001652525
76561198008894721
76561198012083672
76561198013023164
76561198016686645
76561198017287481
76561198021006247
76561198021138485
76561198024972964
76561198030454663
76561198038003881
76561198040610686
76561198044107368
76561198052175768
76561198056083240
76561198058954984
76561198060086751
76561198060794961
76561198072261486
76561197960266244
76561197960300752
76561197960375140
76561197960376637
76561197960434048
76561197960499356
76561197960574092
76561197960691040
76561197960699430
76561197960788095
76561197961763168
76561197963413223
76561197963472503
76561197963798399
76561197964163072
76561197964697020
76561197965417521
76561197965953230
76561197966106312
76561197966989987
76561197967177891
76561197968294742
76561197968379315
76561197968447230
76561197968490557
76561197968573709
76561197968620640
76561197968678168
76561197968867499
76561197969191066
76561197969396247
76561197969480831
76561197969509283
76561197969784105
76561197969824907
76561197970008410
76561197970238912
76561197970396946
76561197970508573
76561197970512181
76561197971030903
76561197971082275
76561197971384027
76561197971390626
76561197971688915
76561197971691194
76561197971885045
76561197971976861
76561197971986406
76561197972196738
76561197972224136
76561197972317838
76561197972356065
76561197972401095
76561197972463575
76561197973699415
76561197974492151
76561197974596424
76561197974977715
76561197975103815
76561197975564454
76561197975681838
76561197975844836
76561197976081036
76561197976524938
76561197976968076
76561197977501168
76561197978243465
76561197979962070
76561197980204486
76561197980262628
76561197980499553
76561197980677999
76561197981256182
76561197981815125
76561197981939534
76561197982821274
76561197982863242
76561197983177357
76561197983196289
76561197983510600
76561197983643094
76561197983987577
76561197984329879
76561197984441710
76561197984577639
76561197986391572
76561197987029711
76561197987196253
76561197987630177
76561197987995128
76561197988221501
76561197988447469
76561197988553817
76561197989250110
76561197990146376
76561197990177697
76561197990572780
76561197990962319
76561197991395595
76561197991397955
76561197991416419
76561197991794719
76561197993258329
76561197993268917
76561197993432118
76561197993452173
76561197993544446
76561197993587389
76561197993590139
76561197993648518
76561197993759887
76561197994027057
76561197994073071
76561197994658313
76561197994706041
76561197994838007
76561197995364711
76561197995468826
76561197995483292
76561197995673921
76561197995675966
76561197995684741
76561197995699490
76561197996051178
76561197996098418
76561197996141690
76561197996182697
76561197996217308
76561197996289675
76561197996322466
76561197996390625
76561197996450341
76561197996475354
76561197996574523
76561197996691648
76561197997137586
76561197997415670
76561197997451847
76561197997566409
76561197997611859
76561197997804821
76561197997927348
76561197998501462
76561197998810795
76561197998838771
76561197998883721
76561197998929607
76561197999367843
76561197999751607
76561197999963868
76561198000064777
76561198000238395
76561198000368050
76561198000465423
76561198000495166
76561198000730178
76561198000754743
76561198000963458
76561198000982191
76561198001221658
76561198001386754
76561198001555247
76561198001634629
76561198001716097
76561198001901215
76561198002047917
76561198002162584
76561198002272483
76561198003995101
76561198004060666
76561198004101092
76561198004358668
76561198004363389
76561198004713532
76561198005098010
76561198005574075
76561198005903494
76561198006291987
76561198006797401
76561198006893779
76561198006908787
76561198006945695
76561198007239938
76561198007979103
76561198009435191
76561198009758113
76561198010610383
76561198010991782
76561198011695067
76561198011924196
76561198011955229
76561198012043554
76561198012066766
76561198012308971
76561198012364090
76561198012533209
76561198012826931
76561198013024578
76561198013529669
76561198013595660
76561198013656386
76561198013833915
76561198014295440
76561198014341081
76561198015102745
76561198015247042
76561198015547078
76561198015614830
76561198016001024
76561198016426367
76561198016451149
76561198016489863
76561198017161709
76561198017684173
76561198017825266
76561198017925619
76561198018009160
76561198018033330
76561198018347228
76561198018463361
76561198018563573
76561198019019687
76561198019090963
76561198019158619
76561198019225353
76561198019229735
76561198019599151
76561198021138485
76561198022007616
76561198022308775
76561198022605931
76561198022870921
76561198023025738
76561198023068184
76561198023624951
76561198023724076
76561198023730611
76561198023883038
76561198024276359
76561198024443821
76561198025114951
76561198025169426
76561198025187761
76561198025455713
76561198025506314
76561198025832093
76561198026359140
76561198026612749
76561198026773813
76561198027019189
76561198027226723
76561198027446513
76561198027457932
76561198027477543
76561198027582567
76561198027717397
76561198027738588
76561198027901054
76561198027944683
76561198027979289
76561198028289883
76561198028308496
76561198028905676
76561198030210321
76561198031220912
76561198032374837
76561198032389066
76561198032636421
76561198034143232
76561198034424776
76561198035278233
76561198035898710
76561198036241957
76561198036583092
76561198036715264
76561198036773346
76561198037211016
76561198037414051
76561198037660065
76561198038701039
76561198038833652
76561198038849420
76561198040048374
76561198040430907
76561198040982561
76561198041033405
76561198041446467
76561198041590142
76561198041886106
76561198041901114
76561198042058270
76561198042154373
76561198042220229
76561198042735634
76561198042757847
76561198042773893
76561198042919282
76561198042978862
76561198043103656
76561198043600692
76561198043661603
76561198043796302
76561198043822456
76561198043850090
76561198043999907
76561198044408354
76561198044434150
76561198044492787
76561198044634834
76561198044758777
76561198044781256
76561198044861050
76561198044973665
76561198045094983
76561198045104452
76561198045364948
76561198045398485
76561198045626098
76561198045802942
76561198045806293
76561198046103497
76561198046255730
76561198046345265
76561198046409395
76561198046462482
76561198046686211
76561198047194260
76561198047297566
76561198047577144
76561198047624805
76561198048298218
76561198048484367
76561198048922654
76561198048950259
76561198049023068
76561198049063466
76561198049769746
76561198050224771
76561198050714699
76561198051370524
76561198051634180
76561198052244417
76561198052664928
76561198053071799
76561198053233649
76561198053560943
76561198053774049
76561198053966469
76561198053967115
76561198053975319
76561198054532737
76561198054742225
76561198055432629
76561198056411417
76561198056721998
76561198057329393
76561198058826748
76561198059840975
76561198060511598
76561198060540705
76561198062193382
76561198063581715
76561198064532705
76561198065087604
76561198065701002
76561198065902761
76561198067093804
76561198067699641
76561198067733557
76561198067783612
76561198069227572
76561198069589487
76561198069995986
76561198070293242
76561198070397146
76561198072327612
76561198080072893
76561198082919859
76561198083551930
76561198083937378
76561198085202546
76561198088660638
76561198089824246
76561198090869623
76561198091531843
76561198091725385
76561198095889951
76561198105179754
76561198105384902
76561198109507153
76561198117741147
76561198118158947
76561198132403195
76561197960983042
76561197961040062
76561197961498497
76561197962656285
76561197964020945
76561197964893403
76561197965447887
76561197966521912
76561197966787503
76561197966788840
76561197967058440
76561197967329382
76561197967676769
76561197968425705
76561197968447230
76561197969938439
76561197971737898
76561197972029716
76561197972087586
76561197972309320
76561197972393347
76561197972406951
76561197972545706
76561197973521264
76561197974794477
76561197975508887
76561197976943885
76561197978484883
76561197978846603
76561197979096980
76561197979420806
76561197980000786
76561197980272048
76561197981200211
76561197981423872
76561197981808120
76561197983507859
76561197983847803
76561197983988353
76561197984029022
76561197984373540
76561197984558396
76561197984744890
76561197985186757
76561197986549630
76561197986712048
76561197987054278
76561197989089150
76561197989743905
76561197990477936
76561197990795270
76561197991323744
76561197991328831
76561197991436259
76561197992524466
76561197992864418
76561197993262470
76561197993334380
76561197993512602
76561197993519409
76561197993550186
76561197993552906
76561197993625098
76561197993700440
76561197993781179
76561197993821682
76561197993846366
76561197994370358
76561197994503276
76561197994819632
76561197995235465
76561197995236906
76561197995273234
76561197995510506
76561197995578299
76561197995598518
76561197995776043
76561197995844190
76561197996627550
76561197997375534
76561197997677533
76561197998011533
76561197998121330
76561197998365054
76561197998446136
76561197998463353
76561197998614562
76561197998690426
76561197998717727
76561197998859118
76561197998932319
76561197999260277
76561197999367849
76561197999391567
76561197999411670
76561197999432072
76561197999510600
76561197999515545
76561197999757984
76561197999865500
76561197999945092
76561198000039129
76561198000046906
76561198000079947
76561198000246248
76561198000256157
76561198000360915
76561198000524844
76561198000760237
76561198000958340
76561198001043605
76561198001179785
76561198001421476
76561198001484015
76561198001673897
76561198002211072
76561198002464095
76561198003177162
76561198003264800
76561198003328357
76561198003933732
76561198004084815
76561198004478244
76561198004580298
76561198005725177
76561198005808996
76561198005816960
76561198006064277
76561198006089589
76561198006361020
76561198006795497
76561198007144747
76561198007820753
76561198008225770
76561198008457506
76561198008684353
76561198008712861
76561198009171144
76561198009414179
76561198009744022
76561198009955905
76561198010005146
76561198010287518
76561198010456823
76561198010792261
76561198011002242
76561198011297062
76561198011974573
76561198012251266
76561198013233572
76561198013451544
76561198013495462
76561198013951122
76561198014114974
76561198014832746
76561198014929163
76561198015373993
76561198016887775
76561198017155113
76561198017328672
76561198018557353
76561198018930090
76561198020080247
76561198021138485
76561198023109312
76561198026143747
76561198026821889
76561198026981436
76561198027162570
76561198028172653
76561198028533587
76561198029442764
76561198030070396
76561198031080008
76561198031262899
76561198032731416
76561198032764906
76561198033492716
76561198033586115
76561198036151202
76561198042182036
76561198043611330
76561198044011861
76561198044659481
76561198045563102
76561198047264920
76561198047486033
76561198050342930
76561198051011765
76561198056710782
76561198059377553
76561198060421546
76561198060734100
76561198062045804
76561198065504173
76561198068235360
76561198070858713
76561198074566754
76561198078559330
76561198079437572
76561198079511161
76561198093602667
76561198118927495