76561197960414682
76561197960344431
76561197960355350
76561197960479330
76561197960585269
76561197960605639
76561197960921846
76561197961385790
76561197961531811
76561197961917062
76561197962638410
76561197964247884
76561197964781619
76561197965047364
76561197965735559
76561197966044174
76561197966206041
76561197970531280
76561197972262989
76561197973918601
76561197974729172
76561197975834197
76561197977737360
76561197978268265
76561197979633410
76561197979822838
76561197980571812
76561197981117013
76561197981299517
76561197982749878
76561197983711907
76561197985670349
76561197985722762
76561197986458700
76561197989326823
76561197989585968
76561197990593871
76561197993910990
76561197994071049
76561198002874906
76561198004360358
76561198006345764
76561198006851785
76561198008950439
76561198010228066
76561198014339266
76561198015532990
76561198018167315
76561198031321278
76561198032900302
76561198034448379
76561198036511994
76561198063026453
76561198141263922
76561197960355931
76561197960981381
76561197961481396
76561197963479710
76561197966354056
76561197966976634
76561197967320538
76561197970215257
76561197970598146
76561197971681442
76561197972780534
76561197975283232
76561197987482940
76561197989572380
76561197993116683
76561197993471383
76561197996652931
76561197999499365
76561198000802281
76561198004228091
76561198006784536
76561198012748979
76561198024690824
76561198026864646
76561198049640060
76561198061567474
76561198073128011
76561198077730132
76561198106249529
76561198131908399
76561197960282276
76561197960433546
76561197960595033
76561197960976184
76561197961768447
76561197963192863
76561197964931781
76561197965950065
76561197970400008
76561197973795903
76561197975367387
76561197977888722
76561197979764856
76561197980900061
76561197981411307
76561197985658921
76561197986002644
76561197989509427
76561197992171398
76561198002329057
76561198005394605
76561198008282694
76561198011878070
76561198017402557
76561198032303973
76561198036442131
76561198066547726
76561197960351483
76561197960825603
76561197962512802
76561197965148678
76561197970761986
76561197976364274
76561197980431717
76561197983088922
76561197989074053
76561197993918471
76561198006569197
76561198014360424
76561198032902621
76561197960493094
76561197964719274
76561197974449677
76561197981184853
76561197990321135
76561198010170176
76561198061402003
76561197962246576
76561197961387822
76561197978730717
76561198003427349
76561197961304378
76561197966747911
76561197969446325
76561197970939117
76561197973926422
76561197988313386
76561197993258264
76561197998747920
76561198001543722
76561198008478347
76561198025246378
76561198056521304
76561198076114519
76561198107536874
76561197966105913
76561198020917084
76561197966997395
76561197972118958
76561197991743630
76561198000234953
76561198016795169
76561198061660866
76561197985719496
76561197970429265
76561197996463254
76561198047020627
76561197960532616
76561197961143306
76561197964817586
76561198006704749
76561198094987586
76561197964129028
76561197964495443
76561197966702579
76561197967346727
76561197968343106
76561197968066075
76561197971494059
76561197973227655
76561197976852943
76561197982379653
76561197982580804
76561197984390679
76561197976889448
76561197983152710
76561197988190799
76561197982447523
76561197987048447
76561197993284723
76561197991232736
76561197993550673
76561197993456122
76561197997913761
76561197998684422
76561198000761540
76561197998227127
76561197998999472
76561198002570624
76561198002490345
76561198004580260
76561198003376851
76561198007372099
76561198009027807
76561198009505431
76561198011728193
76561198012259383
76561198013900763
76561198018511563
76561198019112817
76561198019843247
76561198022713034
76561198023556029
76561198005713804
76561198009268927
76561198011817719
76561198007545530
76561198012416383
76561198019465157
76561198022795937
76561198031578073
76561198040242738
76561198040627038
76561198042390131
76561198045454347
76561198046305923
76561198048192203
76561198061019405
76561198068060532
76561198088905848
76561197960350194
76561198010716747
76561198022629625
76561198034369655
76561198041466846
76561198046166701
76561198018943939
76561198040325661
76561198048019294
76561198082221027
76561197960379324
76561197960489678
76561198024971416
76561198063268018
76561198042699552
76561197960547922
76561197961195885
76561197961355683
76561197961391354
76561197960349137
76561197961249643
76561197961478078
76561197960930421
76561197962099684
76561197963975919
76561197965412528
76561197963276517
76561197966397359
76561197966889582
76561197967556795
76561197966874019
76561197967206591
76561197976018507
76561197978566637
76561197989126656
76561197989149522
76561197990326178
76561197993698184
76561198015690237
76561198096712954
76561197960279786
76561197960349172
76561197960428019
76561197960442491
76561197960529898
76561197989129931
76561197990391958
76561198017052824
76561197960281763
76561197960433787
76561197960548084
76561197961397967
76561197961768491
76561197962232217
76561197962527225
76561197963007509
76561197963933521
76561197964865793
76561197967676055
76561197970208844
76561197982840757
76561197988508494
76561197997112887
76561198005674624
76561198038513073
76561198041253151
76561198065285376
76561198079701576
76561198085591620
76561197998169950
76561197960272722
76561197960645983
76561197961816555
76561197962789205
76561197964424788
76561197969749362
76561197983542680
76561197999256338
76561198038925909
76561198065480365
76561198133336701
76561197960319616
76561197960338962
76561197960478508
76561197962415194
76561197967056604
76561197961678547
76561197979860389
76561198045933224
76561197960317494
76561197960345384
76561197960389324
76561197960504606
76561197960541676
76561197961139817
76561197961213874
76561197961787316
76561197963336339
76561198085024316
76561197960386706
76561197960506824
76561197961199117
76561197961796116
76561197962429873
76561197962486914
76561197963042462
76561198010896052
76561197960324037
76561197961589257
76561197962437828
76561197963969694
76561197960883369
76561197962817971
76561197965066344
76561197967215810
76561197970533190
76561197971430990
76561197974679924
76561197978031418
76561197978236660
76561197962009257
76561197966230070
76561197971306451
76561197976287830
76561197964152482
76561197974097603
76561197980101404
76561197969578033
76561197978084909
76561197982322649
76561197983804259
76561197988439106
76561197991234695
76561197993427259
76561198002035095
76561198003073061
76561198014617187
76561198028719015
76561197987990106
76561197992547881
76561198002734327
76561198023554877
76561197960481000
76561197961055756
76561197964833057
76561197997907160
76561198090764246
76561197961401359
76561197965152797
76561198003147463
76561197972298438
76561197974313837
76561197980558721
76561197985397539
76561197999731502
76561198015116346
76561198051460511
76561198018425340
76561197961004976
76561197961639411
76561197961919900
76561197962561877
76561197962444696
76561197964422833
76561197962785502
76561197966086360
76561197968912998
76561197964545985
76561197967800976
76561197970331887
76561197974646086
76561197976100289
76561197978228248
76561197970050514
76561197971813690
76561197978067905
76561197979832560
76561197981727778
76561197985263550
76561197984752695
76561197986596956
76561197990649627
76561197992449240
76561197992674159
76561197995750245
76561197999980602
76561198005082575
76561198020066115
76561198028310670
76561198086115959
76561198113155150
76561198147911301
76561197991187598
76561197995449471
76561198004688113
76561198024820256
76561198108337128
76561197992504005
76561198007844178
76561198145377541
76561197960392508
76561197998777934
76561197960355485
76561197960474315
76561198074607308
76561197960491144
76561197960625042
76561197961186266
76561197961204178
76561197961240894
76561197961353092
76561197961400650
76561197962203023
76561197962219238
76561197962499159
76561197962718962
76561197962910998
76561197963414340
76561197962853405
76561197963573242
76561197964249383
76561197964225663
76561197965753096
76561197966766338
76561197967404371
76561197967919802
76561197970776346
76561197970187374
76561197971042589
76561197972983568
76561197975082220
76561197975811519
76561197972231263
76561197975313107
76561197976100654
76561197973692957
76561197976151978
76561197978410142
76561197978085150
76561197978819749
76561197979845166
76561197980402937
76561197979795496
76561197980980218
76561197984259036
76561197985500538
76561197980006183
76561197985118750
76561197987519907
76561197987953089
76561197991354767
76561198004298925
76561198014324388
76561198022875312
76561198032029954
76561197997781809
76561198017948276
76561198069487479
76561198013801956
76561198030005166
76561197963453082
76561197969495217
76561197976185898
76561197963449899
76561197972235263
76561197967708541
76561197988592830
76561197993056281
76561197994564225
76561198006809773
76561198013131266
76561198021395142
76561198026557335
76561198033490404
76561198043725723
76561198069122939
76561197979947641
76561197993628149
76561198010090702
76561198024952533
76561198037268356
76561197960283779
76561197962387900
76561197968450747
76561197997174792
76561198031011746
76561197960639639
76561197968887703
76561197974564902
76561197979323451
76561197981776213
76561197982667134
76561197982948173
76561197986342917
76561197989823050
76561198023755732
76561198024821498
76561198033127911
76561198089822427
76561197960418942
76561197961286519
76561197964490295
76561197965149974
76561197965637069
76561197967462961
76561197971042927
76561197977511012
76561197982773669
76561197992390410
76561197997413996
76561198032735955
76561198060310013
76561197960266190
76561197960294015
76561198020733423
76561197967264875
76561197978181897
76561197982029991
76561197985063803
76561198047982286
76561197980728511
76561197986368305
76561198029984466
76561197973423107
76561198024258408
76561197960591926
76561197964674742
76561197967186685
76561197971238108
76561197990466912
76561197998353810
76561198065397320
76561197982751477
76561198034089301
76561197968903317
76561197996285846
76561197965339327
76561198033549189
76561197960343144
76561197981282189
76561197960380017
76561197960526290
76561197960603735
76561197960863112
76561197960900595
76561197960977884
76561197960714458
76561197961081435
76561197961430046
76561197961577674
76561197961684534
76561197961926433
76561197962450059
76561197962486438
76561197962507654
76561197963648746
76561197964200039
76561197965112913
76561197964548737
76561197967525226
76561197969107465
76561197970824326
76561197970954811
76561197971463570
76561197972487314
76561197973658215
76561197973890617
76561197974741523
76561197976035781
76561197976982389
76561197977113029
76561197967558561
76561197970929536
76561197972246526
76561197973843716
76561197975314329
76561197977108148
76561197970395525
76561197973111099
76561197973965610
76561197977230619
76561197978877235
76561197979234219
76561197980002276
76561197981007575
76561197978908157
76561197980353030
76561197981307865
76561197981643532
76561197983922846
76561197985055018
76561197979824109
76561197981363267
76561197984419300
76561197986647941
76561197987956397
76561197989476815
76561197991913137
76561197994763508
76561197995764509
76561197996386906
76561197996537052
76561197996709303
76561197999613635
76561197981044222
76561197985636124
76561197989342706
76561197994187529
76561197996259556
76561197996680770
76561197999993982
76561198003788228
76561197986771679
76561197995384414
76561197997262761
76561198008086926
76561198093731281
76561197991295131
76561198003775923
76561197960363621
76561197996513682
76561198020548416
76561197964804998
76561197967379776
76561197972906102
76561197984021833
76561197962179592
76561197963900875
76561197977119789
76561197979295704
76561197983517461
76561197987272820
76561197992998097
76561198000099615
76561198002963675
76561197978775202
76561197983933854
76561197999419744
76561198095989062
76561197983313857
76561198001905162
76561197961785447
76561197989047378
76561197973313837
76561197990845046
76561198025690366
76561197998635720
76561197960371600
76561197967814895
76561197971001283
76561197971717933
76561197972799640
76561197975713691
76561197976641133
76561197966356914
76561197971061009
76561197974347336
76561197977284310
76561197988815316
76561197993358385
76561197994415241
76561197997573376
76561197998870875
76561198001194951
76561198003060782
76561197969386591
76561197976087583
76561197992870767
76561197997192849
76561198000145079
76561198003950249
76561198004455853
76561197972364938
76561197986865171
76561198002595424
76561198004697711
76561198008114054
76561198009673146
76561197998554648
76561198007347433
76561198014293387
76561198015488251
76561198017671239
76561198004405685
76561198009543932
76561198017905683
76561198018580591
76561198018895680
76561198019327664
76561198020831345
76561198026493523
76561198028179188
76561198031237885
76561198033145581
76561198016051979
76561198018618582
76561198020434390
76561198027738971
76561198032106936
76561198047370825
76561198053690049
76561198059396038
76561198061736122
76561198066440326
76561198066870106
76561198070945150
76561198073759005
76561198084848313
76561198121516771
76561198128348045
76561198140211853
76561197964466140
76561197969242163
76561197969640613
76561197970416099
76561197976541626
76561197977323055
76561197980270375
76561197988969045
76561197993498322
76561198001623022
76561198002145715
76561198003211255
76561198018203025
76561198026474223
76561198033358603
76561198056620678
76561198062226648
76561198069499531
76561198080286366
76561198128118036
76561198019171993
76561198048327410
76561198028740054
76561198071366076
76561198128659139
76561197969530465
76561197972084855
76561198061247796
76561197966017021
76561197977004526
76561197992458783
76561198002092360
76561198119585219
76561197985607122
76561198002600850
76561197970306268
76561198007096539
76561198010304332
76561198015423445
76561198015599120
76561198019041873
76561198022903581
76561198026666521
76561198030439755
76561197998659318
76561198014014373
76561198016469076
76561198023515414
76561198009712509
76561198027752150
76561198033652981
76561198036350236
76561198053188307
76561198061346939
76561198066515003
76561197966360118
76561197974076767
76561198033200470
76561198043104219
76561198064090588
76561198034642139
76561198058589719
76561197978327335
76561197983337783
76561197987082308
76561198000733697
76561198016634192
76561198033183562
76561198137310384
76561197981528186
76561197983629810
76561198017670510
76561198014413798
76561198101262206
76561197961764706
76561197965588198
76561197966410757
76561197969335179
76561197971535581
76561197975920102
76561197968670078
76561197975778625
76561197980991897
76561197970284852
76561197981246589
76561197975993081
76561197982260595
76561198006271628
76561197965851758
76561197970885471
76561197972868688
76561197984215106
76561197993874215
76561197997089262
76561197996658817
76561198013728984
76561198015531097
76561198042982595
76561197960289951
76561197960302424
76561197960497136
76561197960815342
76561197962456876
76561197962784830
76561197963616371
76561197964806210
76561197964955508
76561197963333154
76561197964807396
76561197966417541
76561197967127570
76561197967594229
76561197968751551
76561197968575196
76561197971567891
76561197969840004
76561197976034321
76561197976970751
76561197978826987
76561197979851022
76561197981224761
76561197981321520
76561197982990375
76561197984044056
76561197972298511
76561197979086546
76561197981280047
76561197982393089
76561197985942916
76561197986797699
76561197987976925
76561197988820281
76561197989108613
76561197985624127
76561197987622882
76561197988962654
76561197989527609
76561197990486056
76561197992237722
76561197993198228
76561197993639303
76561197994498312
76561197995591748
76561197998991840
76561197999918537
76561198001804895
76561197988774737
76561197991280195
76561197993340516
76561197995458279
76561197999470275
76561197992910587
76561197998061832
76561198004609635
76561198005526305
76561198008800124
76561198009758033
76561198011223377
76561198012674316
76561198015304581
76561198016025057
76561198019893874
76561198021030012
76561198026420150
76561197962827085
76561197969407641
76561197973976663
76561197975561980
76561197976349741
76561197978177278
76561197981530093
76561197983652883
76561197987580245
76561197996149990
76561198000112510
76561198001470778
76561198014457731
76561198018274241
76561197960312421
76561197994201077
76561198005080099
76561198009014257
76561198011982405
76561198015368427
76561198020284759
76561198001698925
76561198009772478
76561198019763551
76561197969102172
76561197975076049
76561197976505714
76561197983488010
76561197987897964
76561198001266567
76561198015981462
76561197960337193
76561198006418791
76561198023459193
76561197976302406
76561197986840981
76561198007338144
76561197960380588
76561198014056110
76561197979470891
76561198037744515
76561197960574607
76561197973851745
76561197997902836
76561197960857782
76561197962173276
76561197962414151
76561197962632484
76561197961208525
76561197962352379
76561197962965819
76561197963715814
76561197965466295
76561197966531645
76561197967047867
76561197968440387
76561197966237519
76561197967262270
76561197971324186
76561197971497928
76561197974758759
76561197976622485
76561197978347820
76561197976527327
76561197978601869
76561197979369433
76561197980001467
76561197978296766
76561197979660793
76561197978751966
76561197981525502
76561197981755945
76561197982634389
76561197983349765
76561197980505000
76561197981529833
76561197983498203
76561197984220549
76561197984838568
76561197983334254
76561197984375803
76561197984122415
76561197987385567
76561197991383156
76561197992675996
76561197999867147
76561198002273339
76561198012267168
76561198024259436
76561198053705317
76561198067778120
76561198095710913
76561197960621418
76561197979412851
76561197990800060
76561197960337623
76561197996147419
76561198006454247
76561198031748151
76561198087862999
76561197963084914
76561197960288329
76561197960358411
76561198014024064
76561198057185221
76561197989974362
76561197960372442
76561197960509829
76561197960724561
76561197961777891
76561197962439371
76561197963247817
76561197964511323
76561197964871374
76561197964306982
76561197964677424
76561197965484984
76561197966091834
76561197966799008
76561197967295013
76561197967328697
76561197967731313
76561197969522255
76561197969852367
76561197970398486
76561197971156482
76561197972078824
76561197972302873
76561197972635796
76561197968645073
76561197969937322
76561197971452700
76561197972430949
76561197975717674
76561197971107598
76561197973497015
76561197972283017
76561197976307104
76561197977735353
76561197977947028
76561197976635148
76561197979683176
76561197979842743
76561197980657303
76561197980953240
76561197981221090
76561197981766820
76561197981931136
76561197982250555
76561197982596406
76561197980795402
76561197981429274
76561197982215812
76561197982709600
76561197983487232
76561197981065751
76561197981820016
76561197983295225
76561197983983415
76561197984356533
76561197984413928
76561197983850811
76561197984358123
76561197985159615
76561197985481876
76561197985602814
76561197985702944
76561197985756481
76561197986493230
76561197987019126
76561197987298026
76561197984273895
76561197985265253
76561197985642573
76561197984776433
76561197985537680
76561197987137485
76561197988037247
76561197986980415
76561197988177276
76561197988636414
76561197988989096
76561197989294012
76561197987765865
76561197988772671
76561197988556204
76561197989693445
76561197990141036
76561197990696307
76561197991007138
76561197991247815
76561197991578418
76561197992091428
76561197992395977
76561197990087679
76561197990741480
76561197991486156
76561197992139548
76561197992709261
76561197993367853
76561197994717186
76561197990167469
76561197992037566
76561197993168505
76561197996016693
76561197996960636
76561197998089021
76561197992521387
76561197996576846
76561197998106353
76561197998376589
76561197999228839
76561197999421654
76561198001100098
76561197993454396
76561197998234200
76561197999384136
76561198001885751
76561198002629154
76561198004650214
76561197997253876
76561197999842079
76561197998803143
76561198005168223
76561198006656421
76561198002270044
76561198006874035
76561198009335010
76561198011078529
76561198006010803
76561198008949766
76561198014960350
76561198018208417
76561198025404358
76561198027873447
76561198032889906
76561198064530308
76561198079111882
76561197963415744
76561197966750402
76561197968529372
76561197969293890
76561197972191127
76561198011085550
76561198022174431
76561198030427280
76561198065981273
76561197963539855
76561197968767708
76561197974458907
76561197977489946
76561197979949298
76561197980142202
76561198016534133
76561198049813547
76561197967558557
76561197976586958
76561197980034512
76561197982182093
76561197985056118
76561197985103454
76561197985219457
76561197985879715
76561197986757278
76561197987063457
76561197995605169
76561198009054904
76561198027461520
76561197979045364
76561197982661824
76561197985110891
76561197986095139
76561197988070646
76561198071650522
76561197962084353
76561197962956165
76561197964113171
76561197972481787
76561197975752770
76561197984942800
76561197987614019
76561197989804241
76561197993978955
76561197994673121
76561197996958371
76561197998236088
76561197999357288
76561198004319157
76561198008086800
76561198009823039
76561198013826777
76561198016545349
76561198017533312
76561198020345359
76561198035819626
76561198045036632
76561198045585481
76561198046442153
76561198067524503
76561198078038260
76561198086380037
76561198087826547
76561198129597615
76561198146541828
76561197961247767
76561197969931947
76561197985068208
76561197986960957
76561197980260603
76561198002757844
76561197963218476
76561197974882817
76561197985574669
76561197991471006
76561197995671674
76561197998298834
76561198004378450
76561198013394884
76561198016858658
76561198032657468
76561198045403996
76561198054418134
76561198086041409
76561198113157923
76561197962505031
76561197975818552
76561197994389409
76561198000800593
76561198015565880
76561198043119585
76561198076075633
76561198141250388
76561197967551699
76561197997446451
76561198018179592
76561198087104761
76561197969942483
76561197988158194
76561198045832086
76561198008903390
76561197960739694
76561197961386091
76561197961544196
76561197963052185
76561197963635457
76561197966115242
76561197966838133
76561197966895571
76561197967513054
76561197970090542
76561197978868394
76561197963475671
76561197966437965
76561197967433507
76561197973518498
76561197981545104
76561197985741584
76561197966880982
76561197979644682
76561197985988812
76561197991880777
76561197995963558
76561198002725375
76561198014439385
76561197969907949
76561197989719971
76561197981570633
76561198013805016
76561198037773200
76561198019274731
76561198076954372
76561197977346686
76561198018586196
76561198021397756
76561198048011468
76561198075860402
76561198134399239
76561198018651756
76561198066290495
76561198034206499
76561198101016449
76561197960360826
76561197960757645
76561197960909566
76561197961674688
76561197963294540
76561197963439392
76561197963489770
76561197963466106
76561197964076744
76561197963795457
76561197965455791
76561197965328136
76561197966009519
76561197967135351
76561197968557690
76561197972046453
76561197972543279
76561197974954344
76561197972492674
76561197972839019
76561197978230299
76561197979030824
76561197980273493
76561197980792002
76561197981279082
76561197982884122
76561197983700034
76561197987228297
76561197988679085
76561197989784147
76561197990458059
76561197991039881
76561197992289785
76561197992596339
76561197994013564
76561197994864457
76561197999833105
76561198001467617
76561197999898995
76561198003640792
76561198003807951
76561198006814275
76561198014307772
76561198032347871
76561198035546751
76561198040408298
76561198084337467
76561198130409458
76561197975757553
76561197981854752
76561197983846762
76561197985338700
76561197986353027
76561197989489856
76561197991837985
76561197992376566
76561197993250254
76561197994657674
76561197996949811
76561197998124875
76561198006710891
76561198031992938
76561198031513448
76561198035675292
76561198094648683
76561197982114768
76561197985845444
76561197989642533
76561197993151257
76561197995738648
76561197998705145
76561198033278489
76561197977733292
76561197988894252
76561197993391231
76561198012476926
76561198046494038
76561197992292577
76561197984379471
76561197997235207
76561197960409307
76561197963597175
76561197964650301
76561197965479054
76561197972306468
76561197983521337
76561197989716538
76561197994492973
76561198014885302
76561198039677149
76561198020808305
76561198042572910
76561197962181191
76561197981529307
76561197988594192
76561197981654927
76561197990174859
76561197998777630
76561198001695030
76561197999203270
76561198003000681
76561198005649803
76561198014441469
76561198014725697
76561198053766881
76561198089329644
76561197960556525
76561197970571952
76561197968871866
76561197970761238
76561197976174806
76561197977029410
76561197982334325
76561197993312863
76561197995244320
76561197997833925
76561198000363108
76561198005237900
76561198005534395
76561197982230225
76561197983221027
76561197999649314
76561197996459762
76561198000435478
76561198009013755
76561198014490468
76561198016917862
76561198017946858
76561198018373825
76561198018314223
76561198028165928
76561198028552876
76561198034856446
76561198035719931
76561198037962049
76561198040341105
76561198045049923
76561198047812594
76561198033633380
76561198035444691
76561198044070188
76561198057859111
76561198067090553
76561198067647218
76561198087785776
76561198039898042
76561198064611896
76561198071983949
76561197962305527
76561197968411009
76561198047601855
76561198123284695
76561198067163629
76561197974280232
76561197976545073
76561197978437850
76561197983593656
76561197986043888
76561197986466128
76561197989044837
76561197992757634
76561197993588548
76561197965333449
76561197977910018
76561197984003513
76561197987651229
76561197992758240
76561197996747574
76561197999595622
76561198000973667
76561197975171074
76561197986453775
76561197996434193
76561198000701221
76561198007253852
76561198009504486
76561198010695542
76561197981551706
76561197997267723
76561197991397047
76561198009819030
76561198015524811
76561198014264175
76561198019850008
76561198021770991
76561198022973513
76561198024455742
76561198026501836
76561198015577048
76561198022935996
76561198026321237
76561198036309076
76561198041201230
76561198046041488
76561198047074769
76561198048712749
76561198053617708
76561198059036640
76561198060763394
76561198075617157
76561198086129074
76561198092874037
76561198094441701
76561198112466673
76561198127185221
76561198020820450
76561198026939853
76561198044760370
76561198048090723
76561198053957096
76561198072499891
76561198086755214
76561198104346161
76561198023242538
76561198046757862
76561198060035098
76561198093101050
76561198038071756
76561198077758329
76561198052162011
76561198126955111
76561197980817522
76561197980983358
76561197991531861
76561198000477305
76561197992568625
76561198026194977
76561198056746150
76561198027387978
76561198058796875
76561197960574509
76561197967449029
76561197970801578
76561197966178088
76561197971239935
76561197972388400
76561197972906430
76561197981008966
76561197982565910
76561197987655160
76561197982344555
76561197985276952
76561197996351187
76561197994037094
76561198001911705
76561198005425786
76561198007355403
76561198009581106
76561198010441445
76561198006639429
76561198009677587
76561198015473545
76561198015486367
76561198015490284
76561198015575673
76561198007499465
76561198015481733
76561198012344555
76561198015597871
76561198017137296
76561198018916774
76561198015489465
76561198017608481
76561198063789203
76561198072939531
76561198119969291
76561198127889113
76561198016143863
76561198030958026
76561198123288124
76561198087994278
76561198015515563
76561198103870067
76561198128916254
76561197993445835
76561198037667467
76561197960559620
76561197961766811
76561197969179958
76561197960569740
76561197972756495
76561197993468587
76561197997930885
76561197998890808
76561197965885404
76561197995723002
76561198004069771
76561198006587593
76561198008057547
76561198010238023
76561198014574092
76561197991607506
76561197998687208
76561198009461473
76561198014526029
76561198016501979
76561198015607223
76561198019380103
76561198018371710
76561198023181494
76561198024690237
76561198020685299
76561198029240864
76561198032772798
76561198024404011
76561198032884675
76561198037758622
76561198040412977
76561198050470061
76561198051973610
76561198054891797
76561198057017887
76561198059773475
76561198032681102
76561198047081727
76561198053457870
76561198058517881
76561198050503578
76561198064040360
76561198069788742
76561198073845775
76561198075581207
76561198083039259
76561198085243804
76561198087103433
76561198110639659
76561198148116922
76561198056577332
76561198069728240
76561198076873434
76561198086791273
76561198116789698
76561197967325882
76561198074145736
76561198092239782
76561197970404759
76561197980087784
76561197994098033
76561198000641209
76561198001148192
76561198003453958
76561198008520346
76561198084070815
76561197971071103
76561197998599235
76561198002066238
76561198009317504
76561198014376269
76561198015584248
76561198015720187
76561198015851092
76561198016552347
76561198017370722
76561198018164204
76561198019293262
76561198028054231
76561198148154166
76561198000827665
76561198010798358
76561198015694501
76561198016304134
76561198017447799
76561198026655699
76561198029361847
76561198033602858
76561198034090112
76561198034301306
76561198035255855
76561198035525665
76561198035687556
76561198035991874
76561198036647551
76561198037727521
76561198038198684
76561198041003971
76561198041262655
76561198046295969
76561198048222529
76561198050085278
76561198054882445
76561198056315918
76561198060431551
76561198065925378
76561198070996710
76561198079422542
76561198090819484
76561198129794917
76561198135776243
76561198142148025
76561198146726265
76561197960568460
76561197961841617
76561197963667022
76561197965443154
76561197967395734
76561197967884794
76561197970012362
76561197970227795
76561197970439623
76561197971070076
76561197971566546
76561197972044739
76561197972324220
76561197972993149
76561197973776571
76561197975278314
76561197993198028
76561198015475444
76561198016928419
76561198028461973
76561198033828484
76561198034511549
76561198035559077
76561198036377406
76561198037996541
76561198041049272
76561198047169600
76561198052777114
76561198057011077
76561198069976365
76561198081678876
76561198130098124
76561198144830475
76561197961181088
76561197963994687
76561197967844351
76561197970137323
76561197970863004
76561197971812405
76561197972595400
76561197974646998
76561197977752622
76561198008221877
76561198018218698
76561198034139594
76561198035740259
76561198040968959
76561198049984156
76561198063038717
76561198106322251
76561198015827929
76561198035496828
76561198044558926
76561198075703849
76561197963517170
76561197968233080
76561197971321396
76561197973499943
76561197978858021
76561197982945112
76561197986777181
76561197988292167
76561197988952431
76561197989447605
76561197990829251
76561197990925395
76561197993007024
76561197993236701
76561197994729435
76561197995515350
76561197995889672
76561197997037923
76561197997569607
76561197997907440
76561197998720040
76561197998845205
76561197999228620
76561198000740275
76561198001739794
76561198003877908
76561198005298007
76561198005788889
76561198006590740
76561198007553017
76561198008172265
76561198008624891
76561198008885695
76561198009567465
76561198009728363
76561198010178449
76561198011149808
76561198011633894
76561198012158032
76561198013622248
76561198014345198
76561198015446781
76561198015555045
76561198015586820